worksAt	0.05315719	0.41741054	0.01212350	0.00041308	0.98746343
actedIn	0.53134749	0.65192078	0.02958558	0.05768499	0.91272943
livesIn	0.13436654	0.07069999	0.01442885	0.00999532	0.97557583
isCitizenOf	0.16951127	0.22906120	0.02143210	0.04849387	0.93007403
isMarriedTo	0.05825690	0.95226504	0.01224828	0.00254041	0.98521131
isPoliticianOf	0.01968120	0.24294837	0.00388656	0.00000000	0.99611344
hasAcademicAdvisor	0.04342568	0.47920097	0.00656150	0.00789870	0.98553980
wasBornIn	0.48126500	0.18768346	0.09636222	0.07397262	0.82966516
participatedIn	0.02358747	0.70269263	0.00231950	0.00031007	0.99737043
holdsPoliticalPosition	0.03718141	0.84728204	0.01056281	0.00012262	0.98931457
influences	0.02469546	0.88376410	0.01365915	0.00677126	0.97956959
happenedIn	0.76381369	0.67368485	0.00000000	0.00000000	1.00000000
isLocatedIn	0.98156032	0.54020565	0.00227396	0.03200014	0.96572591
dealsWith	0.01067582	1.00000000	0.00000000	0.00000000	1.00000000
graduatedFrom	0.19828247	0.62868913	0.00981450	0.00239073	0.98779477
directed	0.10339825	0.89666433	0.00259007	0.00384108	0.99356885
hasChild	0.04061136	0.89798482	0.01467817	0.00051298	0.98480885
hasWonPrize	0.17649178	0.01099484	0.00000000	0.00000000	1.00000000
created	0.10780765	0.88460675	0.01185863	0.00436651	0.98377486
isLeaderOf	0.07894078	0.04772849	0.03709000	0.00605488	0.95685512
hasCapital	0.00634373	0.45672203	0.00000000	0.00017754	0.99982246
isKnownFor	0.00270019	0.49343434	0.00019129	0.00018506	0.99962364
playsFor	0.55918208	0.53162171	0.03038915	0.00901638	0.96059447
diedIn	0.09296298	0.40669937	0.00643787	0.00764543	0.98591670
