worksAt	0.05525469	0.56934185	0.10563318	0.00041515	0.89395167
actedIn	0.52990589	0.65819474	0.03952714	0.05765396	0.90281889
livesIn	0.12648147	0.09693311	0.07835571	0.01066392	0.91098037
isCitizenOf	0.16836443	0.22587751	0.03239594	0.04728359	0.92032047
isMarriedTo	0.05736378	0.95308983	0.01915837	0.00255068	0.97829095
isPoliticianOf	0.01642640	0.31681263	0.07251487	0.00000000	0.92748513
hasAcademicAdvisor	0.02929466	0.53622687	0.04863375	0.00533997	0.94602628
wasBornIn	0.48097439	0.19122341	0.09365843	0.07384097	0.83250060
participatedIn	0.02359316	0.71918447	0.00301975	0.00030542	0.99667483
holdsPoliticalPosition	0.03203051	0.85302505	0.02213187	0.00013853	0.97772960
influences	0.02224019	0.89953884	0.04581105	0.00607871	0.94811024
happenedIn	0.76381369	0.67368485	0.00000000	0.00000000	1.00000000
isLocatedIn	0.98152863	0.54024267	0.00227072	0.03194150	0.96578778
dealsWith	0.00620128	1.00000000	0.47891075	0.00000000	0.52108925
graduatedFrom	0.19339574	0.62936197	0.04033541	0.00234910	0.95731549
directed	0.08580599	0.90287676	0.03142079	0.00315567	0.96542354
hasChild	0.04057274	0.93333127	0.02605658	0.00051554	0.97342788
hasWonPrize	0.17649178	0.01099484	0.00000000	0.00000000	1.00000000
created	0.10749655	0.88421390	0.01284875	0.00437007	0.98278118
isLeaderOf	0.05717587	0.06347283	0.09217945	0.00499809	0.90282246
hasCapital	0.00643956	0.46103857	0.00000000	0.00017748	0.99982252
isKnownFor	0.00205743	0.69505051	0.09831431	0.00018382	0.90150186
playsFor	0.55341124	0.53171464	0.04383680	0.00880945	0.94735375
diedIn	0.09540132	0.42641167	0.02030493	0.00777708	0.97191799
