worksAt	0.05721459	0.50579901	0.03873609	0.00048573	0.96077818
actedIn	0.52996352	0.65826620	0.03087855	0.05804303	0.91107842
livesIn	0.13252004	0.08138231	0.03871255	0.00976914	0.95151831
isCitizenOf	0.16745248	0.23251879	0.03264311	0.04843266	0.91892423
isMarriedTo	0.05680817	0.95520577	0.01661806	0.00257064	0.98081130
isPoliticianOf	0.02294486	0.32575260	0.01717047	0.00000000	0.98282953
hasAcademicAdvisor	0.03989954	0.49909767	0.01555869	0.00730462	0.97713669
wasBornIn	0.48018378	0.18942928	0.09817361	0.07328764	0.82853875
participatedIn	0.02345118	0.70496535	0.00241167	0.00030618	0.99728215
holdsPoliticalPosition	0.03490245	0.85148844	0.01300415	0.00011450	0.98688135
influences	0.02339413	0.88674601	0.01757577	0.00637202	0.97605222
happenedIn	0.76381369	0.67368485	0.00000000	0.00000000	1.00000000
isLocatedIn	0.98155232	0.54021034	0.00227190	0.03198680	0.96574130
dealsWith	0.01066244	1.00000000	0.00000000	0.00000000	1.00000000
graduatedFrom	0.19811320	0.62915918	0.01071243	0.00238619	0.98690138
directed	0.09843131	0.89932172	0.00872020	0.00362445	0.98765534
hasChild	0.03701238	0.94067910	0.02560432	0.00048331	0.97391238
hasWonPrize	0.17649178	0.01099484	0.00000000	0.00000000	1.00000000
created	0.10735419	0.88494204	0.01297891	0.00435996	0.98266114
isLeaderOf	0.07814236	0.06350971	0.06398921	0.00649480	0.92951599
hasCapital	0.00643956	0.46103857	0.00000000	0.00017748	0.99982252
isKnownFor	0.00269712	0.49343434	0.00032665	0.00018474	0.99948861
playsFor	0.55850602	0.53176118	0.03121136	0.00898991	0.95979873
diedIn	0.09652955	0.43325651	0.01888435	0.00792674	0.97318890
