worksAt	0.05216119	0.42364925	0.01289463	0.00039891	0.98670646
actedIn	0.53294210	0.68549723	0.03831624	0.05816044	0.90352331
livesIn	0.13620028	0.07947603	0.03549058	0.00973200	0.95477742
isCitizenOf	0.16250425	0.26197206	0.03141585	0.04743520	0.92114894
isMarriedTo	0.05657082	0.95654133	0.01491761	0.00259177	0.98249062
isPoliticianOf	0.02254455	0.29751870	0.01022074	0.00000000	0.98977926
hasAcademicAdvisor	0.04316559	0.48536648	0.00990788	0.00775398	0.98233814
wasBornIn	0.48008051	0.25859305	0.15214902	0.07989248	0.76795849
participatedIn	0.02359446	0.71271753	0.00338406	0.00030339	0.99631255
holdsPoliticalPosition	0.03719396	0.84809836	0.01066918	0.00012250	0.98920832
influences	0.02382674	0.90410091	0.02127451	0.00649076	0.97223472
happenedIn	0.76381369	0.67368485	0.00000000	0.00000000	1.00000000
isLocatedIn	0.98080230	0.54630884	0.00174150	0.03204971	0.96620879
dealsWith	0.01067582	1.00000000	0.00000000	0.00000000	1.00000000
graduatedFrom	0.17713506	0.67075725	0.01794807	0.00247028	0.97958165
directed	0.09762234	0.90727139	0.00686323	0.00366786	0.98946891
hasChild	0.03974112	0.92678815	0.01982018	0.00050673	0.97967308
hasWonPrize	0.18329859	0.01265221	0.00961366	0.00000000	0.99038634
created	0.09483716	0.91147424	0.01832322	0.00416778	0.97750900
isLeaderOf	0.07894978	0.05486904	0.06957877	0.00562856	0.92479267
hasCapital	0.00634373	0.45672203	0.00000000	0.00017754	0.99982246
isKnownFor	0.00269996	0.49343434	0.00019127	0.00018506	0.99962367
playsFor	0.52441938	0.58675303	0.06580762	0.00940909	0.92478329
diedIn	0.10142519	0.45808185	0.01938031	0.00818967	0.97243003
