worksAt	0.05359803	0.54810750	0.04306587	0.00047161	0.95646252
actedIn	0.53052504	0.69236416	0.04081728	0.05988582	0.89929690
livesIn	0.12522961	0.11961506	0.08410562	0.00889252	0.90700186
isCitizenOf	0.16372167	0.27646824	0.05289347	0.04899819	0.89810833
isMarriedTo	0.05502618	0.95858141	0.02053398	0.00259529	0.97687072
isPoliticianOf	0.02764785	0.43243934	0.03571069	0.00000000	0.96428931
hasAcademicAdvisor	0.03902738	0.50859652	0.02120822	0.00713090	0.97166088
wasBornIn	0.47861539	0.26259877	0.15248979	0.07984187	0.76766833
participatedIn	0.02345077	0.71499026	0.00346625	0.00029958	0.99623417
holdsPoliticalPosition	0.03485374	0.85392941	0.01431715	0.00011368	0.98556917
influences	0.02244473	0.91290016	0.02774622	0.00607563	0.96617815
happenedIn	0.76381369	0.67368485	0.00000000	0.00000000	1.00000000
isLocatedIn	0.98078744	0.54634583	0.00173878	0.03202282	0.96623841
dealsWith	0.01066244	1.00000000	0.00000000	0.00000000	1.00000000
graduatedFrom	0.17298730	0.67751677	0.03498988	0.00243537	0.96257475
directed	0.08746693	0.91153349	0.01737456	0.00324851	0.97937693
hasChild	0.03632372	0.95942381	0.02816801	0.00046473	0.97136726
hasWonPrize	0.18329859	0.01265221	0.00961366	0.00000000	0.99038634
created	0.09520127	0.92134892	0.02086030	0.00424550	0.97489420
isLeaderOf	0.08953583	0.10397863	0.11460721	0.00468001	0.88071279
hasCapital	0.00643956	0.46103857	0.00000000	0.00017748	0.99982252
isKnownFor	0.00269689	0.49343434	0.00032659	0.00018474	0.99948866
playsFor	0.52291749	0.58696185	0.06749053	0.00934875	0.92316071
diedIn	0.10555875	0.49400627	0.03850227	0.00874037	0.95275736
