worksAt	0.04334182	0.64149283	0.12753332	0.00035812	0.87210856
actedIn	0.52792274	0.69982779	0.05523132	0.05906844	0.88570024
livesIn	0.12063998	0.15148923	0.19943363	0.00971987	0.79084650
isCitizenOf	0.16162433	0.27378873	0.07109115	0.04711281	0.88179605
isMarriedTo	0.05336573	0.95768369	0.06851770	0.00249966	0.92898264
isPoliticianOf	0.01546123	0.37397373	0.13080802	0.00000000	0.86919198
hasAcademicAdvisor	0.02652952	0.55680265	0.06543875	0.00472622	0.92983503
wasBornIn	0.47951553	0.27540657	0.15001403	0.07993315	0.77005282
participatedIn	0.02360153	0.72920938	0.00436313	0.00029905	0.99533782
holdsPoliticalPosition	0.03121135	0.85720744	0.03215391	0.00013436	0.96771173
influences	0.02096526	0.92072765	0.05386319	0.00570905	0.94042777
happenedIn	0.76381369	0.67368485	0.00000000	0.00000000	1.00000000
isLocatedIn	0.98069213	0.54641067	0.00173124	0.03186151	0.96640725
dealsWith	0.00619851	1.00000000	0.47946608	0.00000000	0.52053392
graduatedFrom	0.17015837	0.67271176	0.06422571	0.00240231	0.93337198
directed	0.06740055	0.91471652	0.05511046	0.00248028	0.94240926
hasChild	0.03945581	0.95299259	0.03012085	0.00049047	0.96938868
hasWonPrize	0.18329859	0.01265221	0.00961366	0.00000000	0.99038634
created	0.09532128	0.92222432	0.02108743	0.00424871	0.97466386
isLeaderOf	0.05472391	0.08274594	0.17307325	0.00372460	0.82320215
hasCapital	0.00643956	0.46103857	0.00000000	0.00017748	0.99982252
isKnownFor	0.00179282	0.78764310	0.11246489	0.00014703	0.88738808
playsFor	0.51938218	0.58686945	0.07720057	0.00922008	0.91357935
diedIn	0.10192072	0.47359524	0.04028783	0.00810671	0.95160546
