worksAt	0.05204517	0.42364925	0.01368755	0.00039788	0.98591457
actedIn	0.53535448	0.73076667	0.04647370	0.05709511	0.89643120
livesIn	0.14150433	0.09673199	0.05329183	0.00883678	0.93787139
isCitizenOf	0.16194205	0.26926947	0.03584677	0.04676994	0.91738329
isMarriedTo	0.05474876	0.95770162	0.01703269	0.00251816	0.98044915
isPoliticianOf	0.02253447	0.29751870	0.01070032	0.00000000	0.98929968
hasAcademicAdvisor	0.04316559	0.48536648	0.00990788	0.00775398	0.98233814
wasBornIn	0.47465974	0.31804364	0.19436112	0.08259525	0.72304363
participatedIn	0.02359446	0.71271753	0.00338406	0.00030339	0.99631255
holdsPoliticalPosition	0.03715079	0.84809836	0.01076899	0.00012245	0.98910856
influences	0.02307327	0.90836607	0.02719911	0.00628171	0.96651919
happenedIn	0.76381369	0.67368485	0.00000000	0.00000000	1.00000000
isLocatedIn	0.98068803	0.56052948	0.00086848	0.03404117	0.96509035
dealsWith	0.01067582	1.00000000	0.00000000	0.00000000	1.00000000
graduatedFrom	0.17592856	0.67361579	0.02104599	0.00243938	0.97651463
directed	0.08747966	0.90982867	0.01407363	0.00334163	0.98258474
hasChild	0.03904275	0.92774281	0.02061727	0.00049716	0.97888558
hasWonPrize	0.19523147	0.01848880	0.03961633	0.00000000	0.96038367
created	0.09250032	0.92419433	0.02218406	0.00419136	0.97362459
isLeaderOf	0.08278227	0.05991765	0.07969172	0.00543320	0.91487509
hasCapital	0.00634373	0.45672203	0.00000000	0.00017754	0.99982246
isKnownFor	0.00269683	0.49343434	0.00040581	0.00018506	0.99940912
playsFor	0.52079852	0.58717575	0.06915167	0.00926766	0.92158067
diedIn	0.10837081	0.50201040	0.02979955	0.00862293	0.96157752
