worksAt	0.05362919	0.55111483	0.04455480	0.00046948	0.95497573
actedIn	0.53348642	0.73868575	0.04991678	0.05875773	0.89132549
livesIn	0.13656499	0.15359560	0.12398908	0.00848965	0.86752127
isCitizenOf	0.16282412	0.28432304	0.05779008	0.04810716	0.89410275
isMarriedTo	0.05333087	0.96031141	0.02388581	0.00252362	0.97359058
isPoliticianOf	0.02796960	0.43933589	0.03759885	0.00000000	0.96240115
hasAcademicAdvisor	0.03899633	0.50859652	0.02117455	0.00712300	0.97170245
wasBornIn	0.47354867	0.32238752	0.19396788	0.08253971	0.72349240
participatedIn	0.02345077	0.71499026	0.00346625	0.00029958	0.99623417
holdsPoliticalPosition	0.03470977	0.85392941	0.01485536	0.00011331	0.98503132
influences	0.02024316	0.92014724	0.03959426	0.00547376	0.95493198
happenedIn	0.76381369	0.67368485	0.00000000	0.00000000	1.00000000
isLocatedIn	0.98068190	0.56058017	0.00086760	0.03402701	0.96510539
dealsWith	0.01066244	1.00000000	0.00000000	0.00000000	1.00000000
graduatedFrom	0.17103651	0.68123264	0.03989791	0.00241748	0.95768461
directed	0.07891013	0.91802488	0.02800268	0.00297188	0.96902545
hasChild	0.03513556	0.96133314	0.03061965	0.00044805	0.96893230
hasWonPrize	0.19523147	0.01848880	0.03961633	0.00000000	0.96038367
created	0.09282039	0.93395339	0.02511385	0.00426411	0.97062204
isLeaderOf	0.09226494	0.11613236	0.12695733	0.00437130	0.86867137
hasCapital	0.00643956	0.46103857	0.00000000	0.00017748	0.99982252
isKnownFor	0.00269223	0.49343434	0.00073479	0.00018460	0.99908061
playsFor	0.51842441	0.58740769	0.07197029	0.00917531	0.91885440
diedIn	0.11325666	0.55202039	0.06035693	0.00942659	0.93021647
