worksAt	0.04202136	0.65826219	0.13632674	0.00036998	0.86330328
actedIn	0.53083579	0.74710898	0.06791217	0.05791953	0.87416829
livesIn	0.12282909	0.19860919	0.28072471	0.00901475	0.71026054
isCitizenOf	0.15883743	0.28495282	0.10494478	0.04657825	0.84847696
isMarriedTo	0.05173054	0.96106361	0.07106249	0.00242649	0.92651102
isPoliticianOf	0.01441525	0.38905309	0.17790329	0.00000000	0.82209671
hasAcademicAdvisor	0.02599835	0.55680265	0.06743011	0.00462828	0.92794161
wasBornIn	0.47599258	0.34035791	0.18925564	0.08274224	0.72800212
participatedIn	0.02361951	0.73313094	0.00582056	0.00029816	0.99388128
holdsPoliticalPosition	0.02955713	0.85720744	0.04562531	0.00012751	0.95424718
influences	0.01971899	0.92669415	0.06063260	0.00538317	0.93398422
happenedIn	0.76381369	0.67368485	0.00000000	0.00000000	1.00000000
isLocatedIn	0.98052342	0.56079262	0.00086210	0.03375512	0.96538277
dealsWith	0.00619766	1.00000000	0.47961698	0.00000000	0.52038302
graduatedFrom	0.16881002	0.67604726	0.06849448	0.00236769	0.92913784
directed	0.05969960	0.92503377	0.06140749	0.00225484	0.93633767
hasChild	0.03851904	0.95427893	0.03518688	0.00047786	0.96433526
hasWonPrize	0.19523147	0.01848880	0.03961633	0.00000000	0.96038367
created	0.09293585	0.93500883	0.02554383	0.00426651	0.97018966
isLeaderOf	0.04289154	0.11859118	0.20399256	0.00329906	0.79270838
hasCapital	0.00643956	0.46103857	0.00000000	0.00017748	0.99982252
isKnownFor	0.00161053	0.78764310	0.12072261	0.00013183	0.87914555
playsFor	0.51487553	0.58731529	0.08264429	0.00904867	0.90830704
diedIn	0.10959303	0.53126430	0.06374376	0.00880503	0.92745122
