worksAt	0.05222379	0.43637387	0.01577225	0.00038781	0.98383994
actedIn	0.53512075	0.73360648	0.04663475	0.05721746	0.89614779
livesIn	0.14201370	0.09765650	0.05443246	0.00878463	0.93678291
isCitizenOf	0.16140606	0.26954276	0.03655296	0.04673406	0.91671298
isMarriedTo	0.05455860	0.95856288	0.01890837	0.00250672	0.97858491
isPoliticianOf	0.02253447	0.29751870	0.01070032	0.00000000	0.98929968
hasAcademicAdvisor	0.04314408	0.48536648	0.01041390	0.00774863	0.98183747
wasBornIn	0.47873393	0.36745936	0.22129989	0.08145086	0.69724925
participatedIn	0.02359446	0.71271753	0.00338406	0.00030339	0.99631255
holdsPoliticalPosition	0.03706422	0.84809836	0.01078139	0.00012210	0.98909651
influences	0.02297459	0.91058830	0.02944976	0.00624574	0.96430450
happenedIn	0.76381369	0.67368485	0.00000000	0.00000000	1.00000000
isLocatedIn	0.98036225	0.56137763	0.01219537	0.03466782	0.95313681
dealsWith	0.01067582	1.00000000	0.00000000	0.00000000	1.00000000
graduatedFrom	0.17535991	0.77141260	0.04433509	0.00371084	0.95195408
directed	0.08748793	0.91036631	0.01442767	0.00334006	0.98223227
hasChild	0.03890088	0.92825695	0.02181111	0.00049501	0.97769388
hasWonPrize	0.11680660	0.07245402	0.06315471	0.00080634	0.93603896
created	0.09040826	0.93189360	0.03294901	0.00411564	0.96293534
isLeaderOf	0.07838105	0.06138030	0.09113499	0.00501189	0.90385312
hasCapital	0.00634373	0.45672203	0.00000000	0.00017754	0.99982246
isKnownFor	0.00269484	0.49343434	0.00061363	0.00018498	0.99920139
playsFor	0.50847892	0.60960456	0.10371522	0.00885909	0.88742569
diedIn	0.10905662	0.51057601	0.03433204	0.00863953	0.95702843
