worksAt	0.05377299	0.56377664	0.04628479	0.00046049	0.95325471
actedIn	0.53297811	0.74323973	0.05181860	0.05827271	0.88990869
livesIn	0.14544627	0.17637994	0.16700778	0.00850393	0.82448829
isCitizenOf	0.16247109	0.28666808	0.06203632	0.04812329	0.88984038
isMarriedTo	0.05266954	0.96281830	0.03165282	0.00248389	0.96586328
isPoliticianOf	0.02796960	0.43933589	0.03759885	0.00000000	0.96240115
hasAcademicAdvisor	0.03893973	0.50859652	0.02168465	0.00711239	0.97120296
wasBornIn	0.47828682	0.37924080	0.22200981	0.08151329	0.69647690
participatedIn	0.02345077	0.71499026	0.00346625	0.00029958	0.99623417
holdsPoliticalPosition	0.03465754	0.85484685	0.01509355	0.00011295	0.98479350
influences	0.01981200	0.92236946	0.04710477	0.00539847	0.94749676
happenedIn	0.76381369	0.67368485	0.00000000	0.00000000	1.00000000
isLocatedIn	0.98034142	0.56145613	0.01217762	0.03462472	0.95319766
dealsWith	0.01066244	1.00000000	0.00000000	0.00000000	1.00000000
graduatedFrom	0.17035216	0.77872612	0.06616667	0.00354918	0.93028415
directed	0.07794463	0.91856251	0.02939848	0.00293137	0.96767015
hasChild	0.03497116	0.96184728	0.03309413	0.00044568	0.96646019
hasWonPrize	0.11592720	0.07288081	0.06434421	0.00078347	0.93487232
created	0.09022961	0.94288755	0.04165396	0.00418039	0.95416565
isLeaderOf	0.10352812	0.16939553	0.21360728	0.00389362	0.78249910
hasCapital	0.00643956	0.46103857	0.00000000	0.00017748	0.99982252
isKnownFor	0.00268956	0.49343434	0.00108447	0.00018452	0.99873102
playsFor	0.50480794	0.60988321	0.10807276	0.00872418	0.88320306
diedIn	0.11465277	0.57117758	0.07204269	0.00967985	0.91827746
