worksAt	0.04010123	0.69099033	0.16562267	0.00033565	0.83404169
actedIn	0.53077432	0.75548089	0.06937955	0.05762676	0.87299369
livesIn	0.12800227	0.24552559	0.34972119	0.00845225	0.64182656
isCitizenOf	0.15855623	0.30389529	0.14323312	0.04820344	0.80856345
isMarriedTo	0.05121069	0.96187341	0.07845852	0.00239894	0.91914254
isPoliticianOf	0.01327226	0.40626710	0.24166541	0.00000000	0.75833459
hasAcademicAdvisor	0.02450776	0.56809631	0.09052942	0.00426424	0.90520634
wasBornIn	0.47970841	0.39356529	0.21609655	0.08207263	0.70183082
participatedIn	0.02361592	0.73313094	0.00602112	0.00029816	0.99368072
holdsPoliticalPosition	0.02926973	0.86238307	0.05259155	0.00012563	0.94728283
influences	0.01928248	0.93790862	0.07367981	0.00525283	0.92106736
happenedIn	0.76381369	0.67368485	0.00000000	0.00000000	1.00000000
isLocatedIn	0.98011957	0.56188593	0.01203077	0.03420639	0.95376285
dealsWith	0.00619759	1.00000000	0.47979695	0.00000000	0.52020305
graduatedFrom	0.16751492	0.77460828	0.09879970	0.00347134	0.89772896
directed	0.05648947	0.92845171	0.09071014	0.00215152	0.90713834
hasChild	0.03817928	0.95576693	0.04063974	0.00047266	0.95888760
hasWonPrize	0.11416109	0.07343965	0.06674019	0.00076933	0.93249048
created	0.08970107	0.94340840	0.05414141	0.00412737	0.94173122
isLeaderOf	0.03836209	0.23975973	0.31138812	0.00210339	0.68650849
hasCapital	0.00643956	0.46103857	0.00000000	0.00017748	0.99982252
isKnownFor	0.00149390	0.78764310	0.13144566	0.00012230	0.86843204
playsFor	0.49703973	0.60976770	0.12241342	0.00845896	0.86912763
diedIn	0.11055237	0.54917173	0.07757129	0.00895122	0.91347749
