worksAt	0.05294306	0.40969407	0.01202836	0.00034144	0.98763020
actedIn	0.52730249	0.58407058	0.03140820	0.05557614	0.91301565
livesIn	0.13362549	0.07017059	0.01445468	0.01001522	0.97553010
isCitizenOf	0.16737840	0.22081905	0.02189161	0.04839356	0.92971483
isMarriedTo	0.06211404	0.93771995	0.01290243	0.00238289	0.98471467
isPoliticianOf	0.02061107	0.21091954	0.00456319	0.00000000	0.99543681
hasAcademicAdvisor	0.04302055	0.47000536	0.00577669	0.00751713	0.98670618
wasBornIn	0.48134903	0.18715445	0.09666780	0.07409905	0.82923315
participatedIn	0.02472870	0.65215467	0.00248251	0.00035119	0.99716629
holdsPoliticalPosition	0.03718141	0.84728204	0.01056281	0.00012262	0.98931457
influences	0.02502680	0.85207935	0.01399888	0.00677102	0.97923010
happenedIn	0.67445060	0.37837898	0.00000000	0.00000000	1.00000000
isLocatedIn	0.98225488	0.52699153	0.00242139	0.03311916	0.96445945
dealsWith	0.03202800	1.00000000	0.00000000	0.00000000	1.00000000
graduatedFrom	0.19116940	0.55931513	0.01017449	0.00232572	0.98749979
directed	0.10459235	0.89062563	0.00159794	0.00378680	0.99461526
hasChild	0.04125349	0.88289332	0.01440012	0.00050691	0.98509297
hasWonPrize	0.17649178	0.01099484	0.00000000	0.00000000	1.00000000
created	0.10835844	0.85266284	0.01309875	0.00422413	0.98267713
isLeaderOf	0.07868466	0.03715731	0.04504220	0.00499709	0.94996071
hasCapital	0.00385868	0.27578265	0.00000000	0.00010214	0.99989786
isKnownFor	0.00281731	0.49343434	0.00020038	0.00019200	0.99960762
playsFor	0.54613786	0.44878634	0.03515315	0.00566593	0.95918092
diedIn	0.09267963	0.40491180	0.00648711	0.00763155	0.98588134
