worksAt	0.05480582	0.53212271	0.09175213	0.00032389	0.90792398
actedIn	0.52536063	0.59053254	0.04412100	0.05593183	0.89994717
livesIn	0.12573442	0.09522803	0.07555400	0.01055238	0.91389362
isCitizenOf	0.16628705	0.21754549	0.03265589	0.04712236	0.92022175
isMarriedTo	0.06131772	0.93828217	0.02052975	0.00238937	0.97708088
isPoliticianOf	0.01695690	0.29510126	0.08054336	0.00000000	0.91945664
hasAcademicAdvisor	0.02976397	0.51760421	0.04387377	0.00506022	0.95106601
wasBornIn	0.48055946	0.18937796	0.09473550	0.07401289	0.83125161
participatedIn	0.02454214	0.65442740	0.00215468	0.00034594	0.99749938
holdsPoliticalPosition	0.03220472	0.85302505	0.02202028	0.00013940	0.97784032
influences	0.02251091	0.86768907	0.04711972	0.00604074	0.94683954
happenedIn	0.67445060	0.37837898	0.00000000	0.00000000	1.00000000
isLocatedIn	0.98222230	0.52702855	0.00241776	0.03305526	0.96452699
dealsWith	0.00969366	1.00000000	0.76732125	0.00000000	0.23267875
graduatedFrom	0.18652197	0.55979828	0.03898503	0.00229065	0.95872431
directed	0.08762364	0.89679132	0.02685757	0.00314544	0.96999699
hasChild	0.04165623	0.91971257	0.02592001	0.00051546	0.97356453
hasWonPrize	0.17649178	0.01099484	0.00000000	0.00000000	1.00000000
created	0.10809919	0.85319371	0.01425430	0.00422666	0.98151904
isLeaderOf	0.05565381	0.05576298	0.10201403	0.00410660	0.89387937
hasCapital	0.00412946	0.28729344	0.00000000	0.00010205	0.99989795
isKnownFor	0.00213535	0.69505051	0.09935584	0.00019068	0.90045348
playsFor	0.54272297	0.44892680	0.04104285	0.00558826	0.95336889
diedIn	0.09526792	0.42453385	0.01865907	0.00777767	0.97356326
