worksAt	0.05695071	0.49286609	0.03671340	0.00042851	0.96285809
actedIn	0.52568111	0.59195789	0.03402490	0.05625724	0.90971787
livesIn	0.13176736	0.08058634	0.03659019	0.00981167	0.95359813
isCitizenOf	0.16532078	0.22436322	0.03330659	0.04831072	0.91838269
isMarriedTo	0.06047072	0.94154502	0.01775026	0.00240039	0.97984936
isPoliticianOf	0.02413961	0.29372377	0.01989961	0.00000000	0.98010039
hasAcademicAdvisor	0.03955978	0.48990206	0.01485028	0.00697411	0.97817561
wasBornIn	0.48026238	0.18890026	0.09848038	0.07340959	0.82811003
participatedIn	0.02452612	0.65442740	0.00258462	0.00034578	0.99706960
holdsPoliticalPosition	0.03490245	0.85148844	0.01300415	0.00011450	0.98688135
influences	0.02365160	0.85600023	0.01813650	0.00634498	0.97551851
happenedIn	0.67445060	0.37837898	0.00000000	0.00000000	1.00000000
isLocatedIn	0.98224652	0.52699153	0.00241907	0.03310526	0.96447567
dealsWith	0.03194717	1.00000000	0.00000000	0.00000000	1.00000000
graduatedFrom	0.19108693	0.56017025	0.01113659	0.00232075	0.98654266
directed	0.09969936	0.89330561	0.00716238	0.00357761	0.98926001
hasChild	0.03760846	0.92909691	0.02511313	0.00045800	0.97442887
hasWonPrize	0.17649178	0.01099484	0.00000000	0.00000000	1.00000000
created	0.10785725	0.85299301	0.01417279	0.00421728	0.98160993
isLeaderOf	0.07787195	0.05367654	0.07518194	0.00575039	0.91906768
hasCapital	0.00412946	0.28729344	0.00000000	0.00010205	0.99989795
isKnownFor	0.00281364	0.49343434	0.00034310	0.00019162	0.99946528
playsFor	0.54539625	0.44901985	0.03605719	0.00564696	0.95829586
diedIn	0.09627157	0.43155481	0.01894479	0.00791337	0.97314185
