worksAt	0.05083269	0.55549279	0.13466019	0.00028729	0.86505252
actedIn	0.52367964	0.63159795	0.05788350	0.05637224	0.88574426
livesIn	0.12068069	0.14795751	0.19667599	0.00944668	0.79387733
isCitizenOf	0.15998358	0.26591813	0.07173699	0.04688955	0.88137346
isMarriedTo	0.06008385	0.94232352	0.02466829	0.00236610	0.97296562
isPoliticianOf	0.01632368	0.36656632	0.14138766	0.00000000	0.85861234
hasAcademicAdvisor	0.02920266	0.52080421	0.05580363	0.00493648	0.93925989
wasBornIn	0.47940253	0.27415279	0.15077833	0.08005044	0.76917123
participatedIn	0.02452853	0.66445231	0.00346465	0.00033773	0.99619763
holdsPoliticalPosition	0.03141969	0.85551241	0.03163081	0.00013564	0.96823356
influences	0.02182505	0.89756700	0.05483111	0.00586564	0.93930325
happenedIn	0.67445060	0.37837898	0.00000000	0.00000000	1.00000000
isLocatedIn	0.98124809	0.53419383	0.00181902	0.03265147	0.96552951
dealsWith	0.00968050	1.00000000	0.76803950	0.00000000	0.23196050
graduatedFrom	0.16505470	0.61374208	0.05966100	0.00238489	0.93795412
directed	0.06949485	0.90505620	0.05044168	0.00242287	0.94713544
hasChild	0.04074463	0.94276839	0.03034243	0.00049124	0.96916632
hasWonPrize	0.18329859	0.01265221	0.00961366	0.00000000	0.99038634
created	0.10236954	0.87692874	0.02274997	0.00416941	0.97308063
isLeaderOf	0.05282342	0.07427563	0.18569627	0.00299661	0.81130712
hasCapital	0.00412946	0.28729344	0.00000000	0.00010205	0.99989795
isKnownFor	0.00202746	0.78764310	0.11351865	0.00016603	0.88631532
playsFor	0.50876113	0.45332136	0.06908252	0.00493812	0.92597936
diedIn	0.10198895	0.47222272	0.03804341	0.00811513	0.95384146
