worksAt	0.05731985	0.50415626	0.04016262	0.00042270	0.95941467
actedIn	0.52745831	0.62875411	0.04389600	0.05791026	0.89819375
livesIn	0.12475350	0.11881909	0.08285352	0.00891742	0.90822906
isCitizenOf	0.16201163	0.26895421	0.05374103	0.04882774	0.89743123
isMarriedTo	0.05897912	0.94495578	0.02183367	0.00240349	0.97576284
isPoliticianOf	0.03025924	0.41471447	0.04080647	0.00000000	0.95919353
hasAcademicAdvisor	0.03955978	0.48990206	0.01485028	0.00697411	0.97817561
wasBornIn	0.47867866	0.26223733	0.15280959	0.07989774	0.76729267
participatedIn	0.02449242	0.66445231	0.00376518	0.00033727	0.99589755
holdsPoliticalPosition	0.03485374	0.85392941	0.01431715	0.00011368	0.98556917
influences	0.02288896	0.88483583	0.02751465	0.00612656	0.96635880
happenedIn	0.67445060	0.37837898	0.00000000	0.00000000	1.00000000
isLocatedIn	0.98135329	0.53410117	0.00182734	0.03284128	0.96533138
dealsWith	0.03194717	1.00000000	0.00000000	0.00000000	1.00000000
graduatedFrom	0.16723782	0.62092505	0.03692710	0.00242759	0.96064531
directed	0.08806857	0.90096732	0.01593451	0.00309092	0.98097456
hasChild	0.03688693	0.95116535	0.02794720	0.00043840	0.97161440
hasWonPrize	0.18329859	0.01265221	0.00961366	0.00000000	0.99038634
created	0.10243557	0.87761178	0.02253387	0.00419910	0.97326704
isLeaderOf	0.09085141	0.09482573	0.12792715	0.00395002	0.86812283
hasCapital	0.00412946	0.28729344	0.00000000	0.00010205	0.99989795
isKnownFor	0.00281364	0.49343434	0.00034310	0.00019162	0.99946528
playsFor	0.51067326	0.45350638	0.06306375	0.00497323	0.93196302
diedIn	0.10544694	0.49297311	0.03859842	0.00872775	0.95267383
