worksAt	0.05289176	0.40969407	0.01237665	0.00034115	0.98728220
actedIn	0.53010115	0.62008236	0.04092799	0.05624326	0.90282875
livesIn	0.13553165	0.07894663	0.03554763	0.00974775	0.95470462
isCitizenOf	0.16071081	0.25437145	0.03198151	0.04725703	0.92076146
isMarriedTo	0.06087211	0.94087402	0.01547322	0.00238262	0.98214416
isPoliticianOf	0.02491937	0.27979383	0.01180786	0.00000000	0.98819214
hasAcademicAdvisor	0.04302055	0.47000536	0.00577669	0.00751713	0.98670618
wasBornIn	0.48014902	0.25821102	0.15249009	0.07995647	0.76755343
participatedIn	0.02470190	0.66217958	0.00367648	0.00034254	0.99598099
holdsPoliticalPosition	0.03719396	0.84809836	0.01066918	0.00012250	0.98920832
influences	0.02420374	0.87241615	0.02069372	0.00654169	0.97276459
happenedIn	0.67445060	0.37837898	0.00000000	0.00000000	1.00000000
isLocatedIn	0.98136871	0.53406887	0.00183036	0.03287025	0.96529938
dealsWith	0.03202800	1.00000000	0.00000000	0.00000000	1.00000000
graduatedFrom	0.17110467	0.61197451	0.01905315	0.00243508	0.97851177
directed	0.09839924	0.89668264	0.00555650	0.00348745	0.99095606
hasChild	0.04040100	0.91720811	0.01995561	0.00049896	0.97954544
hasWonPrize	0.18329859	0.01265221	0.00961366	0.00000000	0.99038634
created	0.10302574	0.87654555	0.02083572	0.00423098	0.97493330
isLeaderOf	0.07817727	0.04429786	0.08153699	0.00472168	0.91374133
hasCapital	0.00385868	0.27578265	0.00000000	0.00010214	0.99989786
isKnownFor	0.00281731	0.49343434	0.00020038	0.00019200	0.99960762
playsFor	0.51266713	0.45315741	0.06071607	0.00501497	0.93426896
diedIn	0.10124290	0.45670917	0.01946149	0.00817646	0.97236205
