worksAt	0.04883105	0.57949100	0.14840568	0.00030660	0.85128773
actedIn	0.52191208	0.64869887	0.06439717	0.05495031	0.88065253
livesIn	0.12311528	0.19507952	0.28043364	0.00891025	0.71065610
isCitizenOf	0.15707899	0.27662452	0.10625347	0.04637790	0.84736863
isMarriedTo	0.05783863	0.94559815	0.02832379	0.00228309	0.96939312
isPoliticianOf	0.01508586	0.38164569	0.19130964	0.00000000	0.80869036
hasAcademicAdvisor	0.02891467	0.52247088	0.05808478	0.00494614	0.93696908
wasBornIn	0.47584968	0.33910506	0.18966584	0.08283278	0.72750138
participatedIn	0.02452853	0.66445231	0.00346465	0.00033773	0.99619763
holdsPoliticalPosition	0.02989453	0.85551241	0.04449237	0.00012932	0.95537831
influences	0.02054341	0.90866440	0.06276049	0.00556819	0.93167132
happenedIn	0.67445060	0.37837898	0.00000000	0.00000000	1.00000000
isLocatedIn	0.98098351	0.54963635	0.00089361	0.03437767	0.96472872
dealsWith	0.00967564	1.00000000	0.76823864	0.00000000	0.23176136
graduatedFrom	0.16386636	0.61803592	0.06421595	0.00234793	0.93343612
directed	0.06351473	0.91218233	0.05387520	0.00232515	0.94379965
hasChild	0.03983086	0.94456887	0.03519957	0.00047900	0.96432143
hasWonPrize	0.19494767	0.01836587	0.03811833	0.00000000	0.96188167
created	0.10033454	0.89061785	0.02859039	0.00419021	0.96721940
isLeaderOf	0.04307349	0.10510575	0.21510827	0.00337056	0.78152117
hasCapital	0.00412946	0.28729344	0.00000000	0.00010205	0.99989795
isKnownFor	0.00182762	0.78764310	0.12324224	0.00014953	0.87660823
playsFor	0.50291668	0.45411810	0.07652037	0.00481413	0.91866550
diedIn	0.10962571	0.52963753	0.06166835	0.00881459	0.92951707
