worksAt	0.05275473	0.40969407	0.01320785	0.00034017	0.98645199
actedIn	0.52697454	0.63540776	0.04659046	0.05425876	0.89915078
livesIn	0.14094744	0.09620259	0.05336553	0.00884880	0.93778568
isCitizenOf	0.16029217	0.26193885	0.03645240	0.04657407	0.91697353
isMarriedTo	0.05853579	0.94353659	0.01797505	0.00231737	0.97970758
isPoliticianOf	0.02490720	0.27979383	0.01236647	0.00000000	0.98763353
hasAcademicAdvisor	0.04302055	0.47000536	0.00577669	0.00751713	0.98670618
wasBornIn	0.47474086	0.31753301	0.19448170	0.08263522	0.72288308
participatedIn	0.02470190	0.66217958	0.00367648	0.00034254	0.99598099
holdsPoliticalPosition	0.03715079	0.84809836	0.01076899	0.00012245	0.98910856
influences	0.02339290	0.87762029	0.02706615	0.00634108	0.96659277
happenedIn	0.67445060	0.37837898	0.00000000	0.00000000	1.00000000
isLocatedIn	0.98118244	0.54931783	0.00090252	0.03475111	0.96434636
dealsWith	0.03202800	1.00000000	0.00000000	0.00000000	1.00000000
graduatedFrom	0.17001737	0.61589364	0.02233825	0.00240052	0.97526123
directed	0.08803516	0.90062573	0.01175335	0.00322010	0.98502655
hasChild	0.03968743	0.91921025	0.02086338	0.00048903	0.97864759
hasWonPrize	0.19523147	0.01848880	0.03961633	0.00000000	0.96038367
created	0.10100822	0.88975798	0.02583882	0.00425447	0.96990671
isLeaderOf	0.08266282	0.04934647	0.09362657	0.00441440	0.90195903
hasCapital	0.00385868	0.27578265	0.00000000	0.00010214	0.99989786
isKnownFor	0.00281377	0.49343434	0.00042877	0.00019200	0.99937922
playsFor	0.50792383	0.45388405	0.06548039	0.00491009	0.92960952
diedIn	0.10821234	0.50072737	0.02990907	0.00860976	0.96148117
