worksAt	0.05733646	0.50764435	0.04198764	0.00041983	0.95759254
actedIn	0.52422282	0.64618647	0.04995849	0.05564269	0.89439882
livesIn	0.13618201	0.15279962	0.12299958	0.00850940	0.86849102
isCitizenOf	0.16125989	0.27707899	0.05871953	0.04791980	0.89336066
isMarriedTo	0.05680744	0.94818806	0.02567880	0.00233890	0.97198231
isPoliticianOf	0.03061352	0.42161102	0.04294706	0.00000000	0.95705294
hasAcademicAdvisor	0.03952489	0.48990206	0.01482761	0.00696475	0.97820764
wasBornIn	0.47359588	0.32187690	0.19406116	0.08256901	0.72336983
participatedIn	0.02449242	0.66445231	0.00376518	0.00033727	0.99589755
holdsPoliticalPosition	0.03470977	0.85392941	0.01485536	0.00011331	0.98503132
influences	0.02046374	0.89208291	0.04014242	0.00552333	0.95433425
happenedIn	0.67445060	0.37837898	0.00000000	0.00000000	1.00000000
isLocatedIn	0.98117629	0.54937306	0.00090156	0.03473665	0.96436179
dealsWith	0.03194717	1.00000000	0.00000000	0.00000000	1.00000000
graduatedFrom	0.16539736	0.62568963	0.04192734	0.00240705	0.95566561
directed	0.07947520	0.90733954	0.02259636	0.00287761	0.97452603
hasChild	0.03560576	0.95411933	0.03061740	0.00042126	0.96896134
hasWonPrize	0.19523147	0.01848880	0.03961633	0.00000000	0.96038367
created	0.10038193	0.89118263	0.02838914	0.00421884	0.96739202
isLeaderOf	0.09369003	0.10697946	0.14035083	0.00365027	0.85599890
hasCapital	0.00412946	0.28729344	0.00000000	0.00010205	0.99989795
isKnownFor	0.00280844	0.49343434	0.00077608	0.00019147	0.99903246
playsFor	0.50484506	0.45432641	0.06918820	0.00484836	0.92596344
diedIn	0.11316899	0.55107689	0.06044728	0.00941451	0.93013820
