worksAt	0.05743936	0.52136886	0.04409441	0.00040976	0.95549583
actedIn	0.52422577	0.65255099	0.05199741	0.05551421	0.89248838
livesIn	0.14511410	0.17558396	0.16617352	0.00852299	0.82530348
isCitizenOf	0.16091700	0.27942404	0.06301571	0.04793773	0.88904657
isMarriedTo	0.05596328	0.95212002	0.03437591	0.00230910	0.96331499
isPoliticianOf	0.03061352	0.42161102	0.04294706	0.00000000	0.95705294
hasAcademicAdvisor	0.03946374	0.48990206	0.01539207	0.00695355	0.97765438
wasBornIn	0.47828131	0.37819931	0.22214999	0.08147655	0.69637346
participatedIn	0.02449242	0.66445231	0.00376518	0.00033727	0.99589755
holdsPoliticalPosition	0.03465754	0.85484685	0.01509355	0.00011295	0.98479350
influences	0.02004727	0.89943603	0.04815903	0.00543287	0.94640811
happenedIn	0.67445060	0.37837898	0.00000000	0.00000000	1.00000000
isLocatedIn	0.98078836	0.55050299	0.01272615	0.03527797	0.95199588
dealsWith	0.03194717	1.00000000	0.00000000	0.00000000	1.00000000
graduatedFrom	0.16812359	0.74462828	0.06975002	0.00360161	0.92664837
directed	0.07846050	0.90733954	0.02374036	0.00283846	0.97342118
hasChild	0.03542437	0.95463347	0.03317275	0.00041883	0.96640842
hasWonPrize	0.11592720	0.07288081	0.06434421	0.00078347	0.93487232
created	0.09627958	0.90482985	0.05020428	0.00410593	0.94568979
isLeaderOf	0.10548459	0.16092523	0.22965666	0.00326466	0.76707869
hasCapital	0.00412946	0.28729344	0.00000000	0.00010205	0.99989795
isKnownFor	0.00280550	0.49343434	0.00114537	0.00019138	0.99866326
playsFor	0.48817802	0.48220056	0.11561274	0.00469895	0.87968831
diedIn	0.11456827	0.57023407	0.07214042	0.00966816	0.91819142
