worksAt	0.05290107	0.42241869	0.01545565	0.00033091	0.98421344
actedIn	0.52665641	0.63822367	0.04674476	0.05439510	0.89886014
livesIn	0.14146078	0.09712711	0.05450794	0.00879649	0.93669557
isCitizenOf	0.15975434	0.26221214	0.03716671	0.04653870	0.91629459
isMarriedTo	0.05829122	0.94497505	0.02023799	0.00230366	0.97745835
isPoliticianOf	0.02490720	0.27979383	0.01236647	0.00000000	0.98763353
hasAcademicAdvisor	0.04299871	0.47000536	0.00630276	0.00751162	0.98618562
wasBornIn	0.47874222	0.36639679	0.22136180	0.08142036	0.69721784
participatedIn	0.02470190	0.66217958	0.00367648	0.00034254	0.99598099
holdsPoliticalPosition	0.03706422	0.84809836	0.01078139	0.00012210	0.98909651
influences	0.02330875	0.88206473	0.02954009	0.00630054	0.96415937
happenedIn	0.67445060	0.37837898	0.00000000	0.00000000	1.00000000
isLocatedIn	0.98081686	0.55040160	0.01275183	0.03533666	0.95191151
dealsWith	0.03202800	1.00000000	0.00000000	0.00000000	1.00000000
graduatedFrom	0.17308219	0.73561890	0.04722084	0.00374901	0.94903016
directed	0.08801630	0.90062573	0.01196038	0.00321913	0.98482048
hasChild	0.03952444	0.91972439	0.02210270	0.00048668	0.97741061
hasWonPrize	0.11680660	0.07245402	0.06315471	0.00080634	0.93603896
created	0.09768846	0.90120276	0.03960730	0.00416028	0.95623242
isLeaderOf	0.07871813	0.05149171	0.10639174	0.00392512	0.88968313
hasCapital	0.00385868	0.27578265	0.00000000	0.00010214	0.99989786
isKnownFor	0.00281160	0.49343434	0.00064756	0.00019191	0.99916053
playsFor	0.49274699	0.48168790	0.11053076	0.00478949	0.88467975
diedIn	0.10891693	0.50937903	0.03444451	0.00862647	0.95692902
