worksAt	0.04538847	0.62145357	0.18644168	0.00026469	0.81329364
actedIn	0.52124233	0.65960536	0.06899988	0.05470825	0.87629187
livesIn	0.12847794	0.24263555	0.35027736	0.00834413	0.64137851
isCitizenOf	0.15701442	0.29584556	0.14485366	0.04803662	0.80710972
isMarriedTo	0.05716293	0.94697471	0.03708731	0.00225148	0.96066120
isPoliticianOf	0.01378163	0.39885970	0.25675692	0.00000000	0.74324308
hasAcademicAdvisor	0.02664588	0.53068763	0.09044428	0.00446935	0.90508636
wasBornIn	0.47965825	0.39201581	0.21660881	0.08208017	0.70131102
participatedIn	0.02452853	0.66445231	0.00346465	0.00033773	0.99619763
holdsPoliticalPosition	0.02960086	0.86068803	0.05138761	0.00012737	0.94848502
influences	0.01999877	0.91533107	0.07642328	0.00544712	0.91812959
happenedIn	0.67445060	0.37837898	0.00000000	0.00000000	1.00000000
isLocatedIn	0.98050819	0.55102055	0.01252553	0.03472144	0.95275303
dealsWith	0.00967544	1.00000000	0.76838264	0.00000000	0.23161736
graduatedFrom	0.16633426	0.73871567	0.09541951	0.00353212	0.90104837
directed	0.06017746	0.91550016	0.08106243	0.00222328	0.91671430
hasChild	0.03949629	0.94644297	0.04023195	0.00047383	0.95929423
hasWonPrize	0.11435850	0.07343965	0.06627185	0.00077135	0.93295679
created	0.09535719	0.90346316	0.06338371	0.00401300	0.93260330
isLeaderOf	0.03749062	0.21317945	0.31326913	0.00216836	0.68456251
hasCapital	0.00412946	0.28729344	0.00000000	0.00010205	0.99989795
isKnownFor	0.00167771	0.78764310	0.13478908	0.00013734	0.86507359
playsFor	0.48154207	0.48194576	0.12746425	0.00457912	0.86795663
diedIn	0.11062244	0.54754874	0.07538502	0.00896395	0.91565103
