worksAt	0.04865899	0.26056431	0.01596314	0.00038163	0.98365523
actedIn	0.53462531	0.48816664	0.03813137	0.05491844	0.90695018
livesIn	0.13430369	0.06731264	0.02897403	0.00961004	0.96141593
isCitizenOf	0.17086388	0.17773867	0.04222954	0.04987519	0.90789527
isMarriedTo	0.07440897	0.89363639	0.02013608	0.00232561	0.97753831
isPoliticianOf	0.01844699	0.17121876	0.00593842	0.00000000	0.99406158
hasAcademicAdvisor	0.04388474	0.32693455	0.00000000	0.00329815	0.99670185
wasBornIn	0.47603569	0.17354007	0.09538558	0.07300579	0.83160862
participatedIn	0.02495671	0.62755941	0.00194280	0.00037095	0.99768625
holdsPoliticalPosition	0.03782051	0.77876432	0.01013965	0.00013643	0.98972393
influences	0.02672827	0.77505768	0.01767592	0.00679362	0.97553045
happenedIn	0.65312207	0.13850486	0.00000000	0.00000000	1.00000000
isLocatedIn	0.97988226	0.42861479	0.00050891	0.03063206	0.96885903
dealsWith	0.04429989	0.90256040	0.00000000	0.00000000	1.00000000
graduatedFrom	0.16356116	0.32578448	0.00773170	0.00170323	0.99056506
directed	0.05730304	0.25958171	0.02538149	0.00148735	0.97313116
hasChild	0.04253365	0.90624525	0.02743217	0.00053357	0.97203427
hasWonPrize	0.18735136	0.01099484	0.00000000	0.00000000	1.00000000
created	0.11444419	0.74125785	0.01122797	0.00425751	0.98451453
isLeaderOf	0.08025568	0.05367654	0.07475487	0.00575039	0.91949474
hasCapital	0.00375422	0.25568145	0.00000000	0.00010414	0.99989586
isKnownFor	0.00288632	0.40676768	0.00035193	0.00015157	0.99949649
playsFor	0.52120855	0.30497011	0.04469647	0.00347373	0.95182980
diedIn	0.09287392	0.40779843	0.01817596	0.00725815	0.97456589
