worksAt	0.04810198	0.28089283	0.04188798	0.00035523	0.95775679
actedIn	0.53746548	0.47920510	0.04055657	0.05415939	0.90528405
livesIn	0.12976641	0.07523832	0.05184588	0.00889911	0.93925501
isCitizenOf	0.17277222	0.17026573	0.04011676	0.04850197	0.91138127
isMarriedTo	0.07456399	0.89249048	0.02197054	0.00233660	0.97569286
isPoliticianOf	0.01363853	0.20693304	0.08190038	0.00000000	0.91809962
hasAcademicAdvisor	0.04238945	0.32990159	0.01318610	0.00337507	0.98343882
wasBornIn	0.47629731	0.17427024	0.09212506	0.07352955	0.83434539
participatedIn	0.02497609	0.62755941	0.00148201	0.00037113	0.99814686
holdsPoliticalPosition	0.03436935	0.78033767	0.02184701	0.00016363	0.97798935
influences	0.02722772	0.78474797	0.03623314	0.00693036	0.95683650
happenedIn	0.65312207	0.13850486	0.00000000	0.00000000	1.00000000
isLocatedIn	0.97982253	0.42867034	0.00050761	0.03053291	0.96895947
dealsWith	0.01338843	0.96003256	0.78100916	0.00000000	0.21899084
graduatedFrom	0.15768887	0.32504718	0.03894698	0.00163422	0.95941880
directed	0.04961847	0.29120160	0.06888592	0.00128232	0.92983177
hasChild	0.04651384	0.87180395	0.02564661	0.00055758	0.97379581
hasWonPrize	0.18735136	0.01099484	0.00000000	0.00000000	1.00000000
created	0.11456393	0.74161082	0.01103349	0.00426012	0.98470639
isLeaderOf	0.07223871	0.05140372	0.10811794	0.00478234	0.88709972
hasCapital	0.00375422	0.25568145	0.00000000	0.00010414	0.99989586
isKnownFor	0.00318163	0.53824916	0.01942737	0.00028785	0.98028478
playsFor	0.51845019	0.30487734	0.04973126	0.00343416	0.94683458
diedIn	0.09146598	0.39740087	0.01531208	0.00718846	0.97749946
