worksAt	0.04675195	0.24542320	0.01202554	0.00029157	0.98768288
actedIn	0.53715077	0.48003632	0.03241987	0.05470526	0.91287486
livesIn	0.13337025	0.06142201	0.01449936	0.01008564	0.97541500
isCitizenOf	0.17400071	0.17337265	0.02701057	0.05022653	0.92276290
isMarriedTo	0.07517397	0.89157029	0.01757991	0.00235619	0.98006390
isPoliticianOf	0.01785560	0.16010764	0.00530949	0.00000000	0.99469051
hasAcademicAdvisor	0.04388474	0.32693455	0.00000000	0.00329815	0.99670185
wasBornIn	0.47704608	0.17185934	0.09426586	0.07356977	0.83216437
participatedIn	0.02519181	0.62528668	0.00182687	0.00037742	0.99779572
holdsPoliticalPosition	0.04131228	0.77375596	0.00675210	0.00015075	0.99309715
influences	0.02829404	0.77033328	0.01334435	0.00718159	0.97947406
happenedIn	0.65312207	0.13850486	0.00000000	0.00000000	1.00000000
isLocatedIn	0.97989244	0.42861479	0.00050891	0.03064606	0.96884504
dealsWith	0.04451008	0.90256040	0.00000000	0.00000000	1.00000000
graduatedFrom	0.16358068	0.32483692	0.00647550	0.00170905	0.99181545
directed	0.05871655	0.24068266	0.01045514	0.00150697	0.98803789
hasChild	0.04544581	0.84496985	0.01421041	0.00053448	0.98525511
hasWonPrize	0.18735136	0.01099484	0.00000000	0.00000000	1.00000000
created	0.11472286	0.74100596	0.01063026	0.00422989	0.98513985
isLeaderOf	0.08211662	0.03715731	0.04354707	0.00499709	0.95145585
hasCapital	0.00347618	0.24417065	0.00000000	0.00010425	0.99989575
isKnownFor	0.00288672	0.40676768	0.00024750	0.00015157	0.99960093
playsFor	0.52228032	0.30464363	0.04356526	0.00349146	0.95294328
diedIn	0.08907958	0.38101596	0.00566582	0.00695594	0.98737824
