worksAt	0.04411037	0.29299324	0.08576408	0.00031122	0.91392470
actedIn	0.53513380	0.53136437	0.06208826	0.05467488	0.88323685
livesIn	0.12507556	0.11725391	0.19900330	0.00821887	0.79277782
isCitizenOf	0.16561083	0.20812809	0.05831888	0.04702371	0.89465741
isMarriedTo	0.07178797	0.90198005	0.02491253	0.00231759	0.97276988
isPoliticianOf	0.01409284	0.27099070	0.14191903	0.00000000	0.85808097
hasAcademicAdvisor	0.04217076	0.32990159	0.01381214	0.00335522	0.98283264
wasBornIn	0.47666256	0.24705310	0.14920308	0.07825291	0.77254401
participatedIn	0.02492594	0.63758431	0.00289942	0.00036129	0.99673929
holdsPoliticalPosition	0.03351616	0.78543749	0.03346404	0.00015857	0.96637739
influences	0.02657018	0.79241312	0.04283841	0.00692540	0.95023620
happenedIn	0.65312207	0.13850486	0.00000000	0.00000000	1.00000000
isLocatedIn	0.97859090	0.43902451	0.00046948	0.02990570	0.96962481
dealsWith	0.01332365	0.96003256	0.78234618	0.00000000	0.21765382
graduatedFrom	0.13268873	0.36895571	0.06247524	0.00148930	0.93603546
directed	0.04094492	0.33887077	0.09735361	0.00114303	0.90150336
hasChild	0.04638923	0.90999313	0.03049921	0.00053276	0.96896803
hasWonPrize	0.19368711	0.01265221	0.01040270	0.00000000	0.98959730
created	0.10729808	0.77532465	0.02017587	0.00410471	0.97571942
isLeaderOf	0.07435101	0.06346675	0.13193049	0.00413004	0.86393947
hasCapital	0.00375422	0.25568145	0.00000000	0.00010414	0.99989586
isKnownFor	0.00278934	0.59717172	0.07184137	0.00023565	0.92792298
playsFor	0.47509116	0.31245725	0.07983165	0.00295394	0.91721441
diedIn	0.09857729	0.44525712	0.03425287	0.00759654	0.95815059
