worksAt	0.04672009	0.24542320	0.01212044	0.00029134	0.98758822
actedIn	0.54018674	0.52645792	0.04616648	0.05524079	0.89859273
livesIn	0.13439051	0.06770848	0.03414797	0.00968360	0.95616843
isCitizenOf	0.16386398	0.20277339	0.03661696	0.04753648	0.91584656
isMarriedTo	0.07248433	0.90104942	0.02009823	0.00234109	0.97756068
isPoliticianOf	0.02288494	0.22898194	0.01334969	0.00000000	0.98665031
hasAcademicAdvisor	0.04388474	0.32693455	0.00000000	0.00329815	0.99670185
wasBornIn	0.47671890	0.22940650	0.15084560	0.07791642	0.77123798
participatedIn	0.02512600	0.63531159	0.00312056	0.00036699	0.99651245
holdsPoliticalPosition	0.04131918	0.77457229	0.00701473	0.00015056	0.99283471
influences	0.02820004	0.77938505	0.01599856	0.00724781	0.97675363
happenedIn	0.65312207	0.13850486	0.00000000	0.00000000	1.00000000
isLocatedIn	0.97878378	0.43883953	0.00047393	0.03019369	0.96933238
dealsWith	0.04451008	0.90256040	0.00000000	0.00000000	1.00000000
graduatedFrom	0.13941298	0.36875662	0.02003306	0.00153700	0.97842994
directed	0.06425507	0.26794246	0.01207716	0.00148940	0.98643344
hasChild	0.04502089	0.89560306	0.02063031	0.00052374	0.97884595
hasWonPrize	0.19368711	0.01265221	0.01040270	0.00000000	0.98959730
created	0.10789926	0.77491892	0.01961333	0.00413384	0.97625283
isLeaderOf	0.08061390	0.04429786	0.08168265	0.00472168	0.91359567
hasCapital	0.00347618	0.24417065	0.00000000	0.00010425	0.99989575
isKnownFor	0.00288672	0.40676768	0.00024750	0.00015157	0.99960093
playsFor	0.47732203	0.31231754	0.07599123	0.00298027	0.92102850
diedIn	0.09846104	0.43593526	0.01926394	0.00757933	0.97315674
