worksAt	0.04803969	0.26056431	0.01709432	0.00037781	0.98252786
actedIn	0.53743861	0.53380883	0.04947948	0.05596841	0.89455211
livesIn	0.12434678	0.10266849	0.08275430	0.00861953	0.90862618
isCitizenOf	0.16575864	0.21919956	0.06463318	0.04936799	0.88599882
isMarriedTo	0.07122280	0.90309404	0.02467455	0.00231667	0.97300878
isPoliticianOf	0.02671669	0.29220945	0.03423884	0.00000000	0.96576116
hasAcademicAdvisor	0.04388474	0.32693455	0.00000000	0.00329815	0.99670185
wasBornIn	0.47536647	0.23382969	0.15077472	0.07791594	0.77130934
participatedIn	0.02488635	0.63758431	0.00322059	0.00036077	0.99641864
holdsPoliticalPosition	0.03780867	0.77958065	0.01058759	0.00013615	0.98927626
influences	0.02644216	0.78879270	0.02393572	0.00680502	0.96925926
happenedIn	0.65312207	0.13850486	0.00000000	0.00000000	1.00000000
isLocatedIn	0.97875544	0.43888112	0.00047281	0.03015052	0.96937667
dealsWith	0.04429989	0.90256040	0.00000000	0.00000000	1.00000000
graduatedFrom	0.13649587	0.38492160	0.04388996	0.00155379	0.95455625
directed	0.06152799	0.28852218	0.03247412	0.00154954	0.96597634
hasChild	0.04173196	0.93684492	0.03066245	0.00050602	0.96883153
hasWonPrize	0.19368711	0.01265221	0.01040270	0.00000000	0.98959730
created	0.10745227	0.77700399	0.02129870	0.00413902	0.97456228
isLeaderOf	0.09265042	0.09482573	0.12840893	0.00395002	0.86764105
hasCapital	0.00375422	0.25568145	0.00000000	0.00010414	0.99989586
isKnownFor	0.00288632	0.40676768	0.00035193	0.00015157	0.99949649
playsFor	0.47445457	0.31292319	0.07878855	0.00294250	0.91826895
diedIn	0.10302396	0.47329314	0.03872051	0.00815534	0.95312415
