worksAt	0.04652645	0.24542320	0.01320212	0.00029036	0.98650752
actedIn	0.54146632	0.53989406	0.04747878	0.05412293	0.89839829
livesIn	0.14074241	0.08521938	0.05467810	0.00865750	0.93666440
isCitizenOf	0.16307136	0.21124207	0.04281709	0.04677248	0.91041043
isMarriedTo	0.06791898	0.90633442	0.02289458	0.00230633	0.97479909
isPoliticianOf	0.02287515	0.22898194	0.01397855	0.00000000	0.98602145
hasAcademicAdvisor	0.04388474	0.32693455	0.00000000	0.00329815	0.99670185
wasBornIn	0.47226020	0.28867312	0.19367964	0.08115104	0.72516931
participatedIn	0.02512600	0.63531159	0.00312056	0.00036699	0.99651245
holdsPoliticalPosition	0.04125570	0.77457229	0.00727646	0.00015049	0.99257305
influences	0.02702876	0.80023170	0.02594928	0.00701102	0.96703970
happenedIn	0.65312207	0.13850486	0.00000000	0.00000000	1.00000000
isLocatedIn	0.97861728	0.45600322	0.00000000	0.03254336	0.96745664
dealsWith	0.04451008	0.90256040	0.00000000	0.00000000	1.00000000
graduatedFrom	0.13907277	0.37169638	0.02321378	0.00152053	0.97526569
directed	0.06488204	0.27319920	0.01484347	0.00159107	0.98356546
hasChild	0.04390909	0.89909037	0.02171195	0.00050848	0.97777957
hasWonPrize	0.20342245	0.01848880	0.04160275	0.00000000	0.95839725
created	0.10514513	0.79801675	0.02506374	0.00414165	0.97079461
isLeaderOf	0.08513800	0.04934647	0.09419108	0.00441440	0.90139452
hasCapital	0.00347618	0.24417065	0.00000000	0.00010425	0.99989575
isKnownFor	0.00288672	0.40676768	0.00024750	0.00015157	0.99960093
playsFor	0.47080222	0.31367533	0.08214599	0.00288782	0.91496619
diedIn	0.10580540	0.48064176	0.02915606	0.00799078	0.96285316
