worksAt	0.04844478	0.26649855	0.02016229	0.00037177	0.97946594
actedIn	0.53880962	0.54796208	0.05115046	0.05482826	0.89402128
livesIn	0.13743481	0.13304886	0.11883458	0.00791831	0.87324712
isCitizenOf	0.16485232	0.22794581	0.06963042	0.04839411	0.88197547
isMarriedTo	0.06659922	0.90984941	0.03001392	0.00231733	0.96766874
isPoliticianOf	0.02666876	0.29220945	0.03472848	0.00000000	0.96527152
hasAcademicAdvisor	0.04388474	0.32693455	0.00000000	0.00329815	0.99670185
wasBornIn	0.47120779	0.29341623	0.19290434	0.08105011	0.72604555
participatedIn	0.02488635	0.63758431	0.00322059	0.00036077	0.99641864
holdsPoliticalPosition	0.03759494	0.77958065	0.01138213	0.00013550	0.98848237
influences	0.02277504	0.81880552	0.04259868	0.00593805	0.95146326
happenedIn	0.65312207	0.13850486	0.00000000	0.00000000	1.00000000
isLocatedIn	0.97860102	0.45607232	0.00000000	0.03251383	0.96748617
dealsWith	0.04429989	0.90256040	0.00000000	0.00000000	1.00000000
graduatedFrom	0.13575465	0.38936932	0.04976039	0.00156454	0.94867507
directed	0.06588761	0.31918611	0.04399415	0.00181933	0.95418652
hasChild	0.03953088	0.94106605	0.03413634	0.00047608	0.96538758
hasWonPrize	0.20342245	0.01848880	0.04160275	0.00000000	0.95839725
created	0.10458665	0.80067991	0.02791443	0.00413719	0.96794838
isLeaderOf	0.09218046	0.10135711	0.13129510	0.00369809	0.86500681
hasCapital	0.00375422	0.25568145	0.00000000	0.00010414	0.99989586
isKnownFor	0.00288632	0.40676768	0.00035193	0.00015157	0.99949649
playsFor	0.46649415	0.31444437	0.08648654	0.00283444	0.91067902
diedIn	0.11081014	0.52911642	0.05786900	0.00877357	0.93335743
