worksAt	0.04312270	0.32887694	0.11226235	0.00033758	0.88740008
actedIn	0.53487767	0.54408032	0.06330276	0.05378422	0.88291302
livesIn	0.12681132	0.15970904	0.29808832	0.00707471	0.69483697
isCitizenOf	0.16244513	0.21810364	0.10026584	0.04623850	0.85349566
isMarriedTo	0.06736087	0.90876733	0.02851855	0.00230484	0.96917662
isPoliticianOf	0.01296745	0.28130816	0.19180797	0.00000000	0.80819203
hasAcademicAdvisor	0.04214585	0.32990159	0.01400596	0.00335233	0.98264171
wasBornIn	0.47455111	0.31288587	0.18798507	0.08138417	0.73063076
participatedIn	0.02492594	0.63758431	0.00289942	0.00036129	0.99673929
holdsPoliticalPosition	0.03200445	0.78707651	0.04694440	0.00015143	0.95290417
influences	0.02435772	0.81523004	0.05804837	0.00642504	0.93552659
happenedIn	0.65312207	0.13850486	0.00000000	0.00000000	1.00000000
isLocatedIn	0.97832942	0.45646969	0.00000000	0.03208463	0.96791537
dealsWith	0.01330942	0.96003256	0.78273832	0.00000000	0.21726168
graduatedFrom	0.13223237	0.37246956	0.06758528	0.00150793	0.93090679
directed	0.04099693	0.35958854	0.10372516	0.00113003	0.89514481
hasChild	0.04512961	0.91355604	0.03512040	0.00051548	0.96436412
hasWonPrize	0.20276199	0.01824295	0.03859031	0.00000000	0.96140969
created	0.10446327	0.79923710	0.02678954	0.00408804	0.96912243
isLeaderOf	0.05479587	0.08780753	0.21009737	0.00427753	0.78562510
hasCapital	0.00375422	0.25568145	0.00000000	0.00010414	0.99989586
isKnownFor	0.00268119	0.62276094	0.09214243	0.00021632	0.90764125
playsFor	0.46828193	0.31388497	0.08673884	0.00285954	0.91040161
diedIn	0.10679543	0.50370271	0.05691593	0.00829189	0.93479219
