worksAt	0.04745148	0.26299781	0.01654225	0.00037454	0.98308321
actedIn	0.54171290	0.54246900	0.04785070	0.05440564	0.89774366
livesIn	0.14113224	0.08574452	0.05613574	0.00862838	0.93523588
isCitizenOf	0.16297933	0.21124207	0.04310877	0.04682606	0.91006517
isMarriedTo	0.06773347	0.91006642	0.02443564	0.00229017	0.97327419
isPoliticianOf	0.02287515	0.22898194	0.01397855	0.00000000	0.98602145
hasAcademicAdvisor	0.04384736	0.32693455	0.00095705	0.00329163	0.99575132
wasBornIn	0.47772905	0.33764896	0.21953517	0.07967684	0.70078799
participatedIn	0.02512600	0.63531159	0.00312056	0.00036699	0.99651245
holdsPoliticalPosition	0.04125570	0.77457229	0.00727646	0.00015049	0.99257305
influences	0.02692243	0.80391378	0.02779193	0.00699996	0.96520811
happenedIn	0.65312207	0.13850486	0.00000000	0.00000000	1.00000000
isLocatedIn	0.97819820	0.45759969	0.01298474	0.03365385	0.95336141
dealsWith	0.04451008	0.90256040	0.00000000	0.00000000	1.00000000
graduatedFrom	0.15534940	0.48268114	0.04030406	0.00250108	0.95719486
directed	0.06482290	0.27319920	0.01522820	0.00159036	0.98318144
hasChild	0.04385157	0.89909037	0.02189940	0.00050780	0.97759280
hasWonPrize	0.11750284	0.07245402	0.06360481	0.00081473	0.93558046
created	0.10472016	0.80306587	0.02784780	0.00416635	0.96798586
isLeaderOf	0.08294092	0.05149171	0.09883715	0.00398421	0.89717864
hasCapital	0.00347618	0.24417065	0.00000000	0.00010425	0.99989575
isKnownFor	0.00288298	0.40676768	0.00052133	0.00015157	0.99932709
playsFor	0.45996565	0.35584844	0.13608498	0.00300408	0.86091094
diedIn	0.10667104	0.49008518	0.03368201	0.00801153	0.95830646
