worksAt	0.04043023	0.36809037	0.15525268	0.00034126	0.84440606
actedIn	0.53416098	0.54710526	0.06484816	0.05374461	0.88140723
livesIn	0.13383787	0.20234988	0.36907246	0.00689815	0.62402939
isCitizenOf	0.16162778	0.23027318	0.13685562	0.04733047	0.81581391
isMarriedTo	0.06689581	0.91191625	0.03337913	0.00227985	0.96434103
isPoliticianOf	0.01215012	0.29852217	0.25386755	0.00000000	0.74613245
hasAcademicAdvisor	0.03474282	0.34406558	0.09770560	0.00308189	0.89921251
wasBornIn	0.47898914	0.36309045	0.21368082	0.08055991	0.70575927
participatedIn	0.02492364	0.63758431	0.00289919	0.00036129	0.99673953
holdsPoliticalPosition	0.03168402	0.79127197	0.05338084	0.00014895	0.94647021
influences	0.02400679	0.82885011	0.06661241	0.00634145	0.92704614
happenedIn	0.65312207	0.13850486	0.00000000	0.00000000	1.00000000
isLocatedIn	0.97776522	0.45861170	0.01269989	0.03290908	0.95439103
dealsWith	0.01330942	0.96003256	0.78273832	0.00000000	0.21726168
graduatedFrom	0.14664352	0.48706282	0.09669955	0.00241346	0.90088700
directed	0.03963694	0.36869578	0.12274539	0.00117688	0.87607773
hasChild	0.04485286	0.91355604	0.03749712	0.00051205	0.96199083
hasWonPrize	0.11498634	0.07308131	0.06644109	0.00078286	0.93277605
created	0.10228084	0.80712034	0.04802432	0.00405249	0.94792319
isLeaderOf	0.04824032	0.14166585	0.28869492	0.00238711	0.70891797
hasCapital	0.00375422	0.25568145	0.00000000	0.00010414	0.99989586
isKnownFor	0.00233071	0.62276094	0.10902241	0.00018737	0.89079023
playsFor	0.45289901	0.35605848	0.14501231	0.00292005	0.85206764
diedIn	0.10776779	0.52016496	0.06935784	0.00844939	0.92219277
