worksAt	0.04939033	0.28566573	0.02470023	0.00044974	0.97485002
actedIn	0.53905417	0.55053702	0.05147914	0.05513509	0.89338577
livesIn	0.14850433	0.15648710	0.16738523	0.00798365	0.82463112
isCitizenOf	0.16485035	0.22839984	0.07107499	0.04844407	0.88048095
isMarriedTo	0.06618651	0.91352997	0.03267338	0.00229213	0.96503450
isPoliticianOf	0.02666876	0.29220945	0.03472848	0.00000000	0.96527152
hasAcademicAdvisor	0.04375194	0.32693455	0.00136859	0.00328401	0.99534740
wasBornIn	0.47705405	0.34737408	0.22016241	0.07987358	0.69996401
participatedIn	0.02488635	0.63758431	0.00322059	0.00036077	0.99641864
holdsPoliticalPosition	0.03764288	0.78128239	0.01165764	0.00013538	0.98820698
influences	0.02237289	0.82972364	0.04840529	0.00585859	0.94573612
happenedIn	0.65312207	0.13850486	0.00000000	0.00000000	1.00000000
isLocatedIn	0.97815767	0.45775202	0.01295478	0.03357894	0.95346628
dealsWith	0.04429989	0.90256040	0.00000000	0.00000000	1.00000000
graduatedFrom	0.15019972	0.50277660	0.07366961	0.00247293	0.92385747
directed	0.06343393	0.32305324	0.04677956	0.00182043	0.95140000
hasChild	0.03942100	0.94106605	0.03536496	0.00047465	0.96416039
hasWonPrize	0.11659731	0.07288081	0.06479798	0.00079128	0.93441074
created	0.10321309	0.80892968	0.03824335	0.00415221	0.95760445
isLeaderOf	0.10658940	0.15516728	0.22359208	0.00339389	0.77301403
hasCapital	0.00375422	0.25568145	0.00000000	0.00010414	0.99989586
isKnownFor	0.00288134	0.40676768	0.00081625	0.00015157	0.99903218
playsFor	0.45410538	0.35682775	0.14148276	0.00292793	0.85558931
diedIn	0.11208756	0.54657079	0.06770828	0.00905509	0.92323663
