worksAt	0.04750063	0.11038984	0.01435690	0.00045649	0.98518661
actedIn	0.57536912	0.27326825	0.04557023	0.05631115	0.89811863
livesIn	0.08565339	0.01352959	0.08077794	0.00691401	0.91230806
isCitizenOf	0.18470534	0.09918376	0.02720332	0.04907944	0.92371724
isMarriedTo	0.12451633	0.56879623	0.02681194	0.00351681	0.96967124
isPoliticianOf	0.01409017	0.16564496	0.06514327	0.00000000	0.93485673
hasAcademicAdvisor	0.09456349	0.24565297	0.04131986	0.00447299	0.95420715
wasBornIn	0.47269690	0.12189051	0.10355113	0.07200022	0.82444865
participatedIn	0.03059028	0.50244018	0.00218854	0.00038740	0.99742406
holdsPoliticalPosition	0.05346174	0.50477673	0.00794981	0.00010147	0.99194872
influences	0.05905399	0.50809755	0.01856244	0.01171307	0.96972449
happenedIn	1.00000000	0.01394165	0.00000000	0.00000000	0.00000000
isLocatedIn	0.97579008	0.20594243	0.00000000	0.01150135	0.98849865
dealsWith	0.04125602	0.60239390	0.00387262	0.00000000	0.99612738
graduatedFrom	0.20756089	0.11545685	0.01031077	0.00146752	0.98822171
directed	0.10506639	0.16957290	0.18896038	0.00166353	0.80937609
hasChild	0.05678358	0.41425607	0.03380132	0.00046789	0.96573078
hasWonPrize	0.11209428	0.00098616	0.00000000	0.00000000	1.00000000
created	0.17271618	0.40527015	0.00986786	0.00625992	0.98387223
isLeaderOf	0.08180025	0.03708694	0.08090855	0.00619280	0.91289864
hasCapital	0.00375422	0.25568145	0.00000000	0.00010414	0.99989586
isKnownFor	0.00645161	0.02000000	0.15587398	0.00419913	0.83992688
playsFor	0.47483881	0.06200302	0.12912534	0.00000000	0.87087466
diedIn	0.07733531	0.30432294	0.00889071	0.00480692	0.98630237
