worksAt	0.04726640	0.13357624	0.01799696	0.00054121	0.98146183
actedIn	0.57486106	0.27820323	0.04705137	0.05523415	0.89771448
livesIn	0.10889665	0.01577609	0.06315627	0.00811898	0.92872475
isCitizenOf	0.18011173	0.10383531	0.04462417	0.04915955	0.90621627
isMarriedTo	0.12111313	0.57024706	0.02647896	0.00325792	0.97026313
isPoliticianOf	0.01572463	0.12993067	0.00373875	0.00000000	0.99626125
hasAcademicAdvisor	0.10632979	0.24411451	0.00000000	0.00433681	0.99566319
wasBornIn	0.47254987	0.12111447	0.10814993	0.07164120	0.82020888
participatedIn	0.03053549	0.50244018	0.00303931	0.00038740	0.99657329
holdsPoliticalPosition	0.05300614	0.51225973	0.00904329	0.00010096	0.99085575
influences	0.04397344	0.52104419	0.01798204	0.00977360	0.97224436
happenedIn	1.00000000	0.01394165	0.00000000	0.00000000	0.00000000
isLocatedIn	0.97590107	0.20579468	0.00000000	0.01156322	0.98843678
dealsWith	0.03977930	0.58050838	0.00000000	0.00000000	1.00000000
graduatedFrom	0.20741374	0.11554874	0.01048074	0.00146480	0.98805446
directed	0.17213745	0.15008830	0.05909528	0.00231759	0.93858713
hasChild	0.04562999	0.42707265	0.02549670	0.00041403	0.97408926
hasWonPrize	0.11209428	0.00098616	0.00000000	0.00000000	1.00000000
created	0.17143598	0.40537808	0.01007983	0.00620194	0.98371823
isLeaderOf	0.07934837	0.04723442	0.08200675	0.00509198	0.91290127
hasCapital	0.00375422	0.25568145	0.00000000	0.00010414	0.99989586
isKnownFor	0.00000000	0.00000000	0.00000000	0.00000000	0.00000000
playsFor	0.47710583	0.06211951	0.11860688	0.00000000	0.88139312
diedIn	0.07859091	0.31215625	0.01295603	0.00486560	0.98217837
