worksAt	0.04763856	0.13302376	0.01664134	0.00055094	0.98280773
actedIn	0.57470998	0.27695814	0.04730332	0.05546030	0.89723638
livesIn	0.10083812	0.01106131	0.02738293	0.00924897	0.96336809
isCitizenOf	0.18621944	0.09762547	0.01463166	0.05039237	0.93497597
isMarriedTo	0.12585744	0.56603881	0.02069789	0.00342246	0.97587965
isPoliticianOf	0.01420427	0.11326400	0.00302701	0.00000000	0.99697299
hasAcademicAdvisor	0.10632979	0.24411451	0.00000000	0.00433681	0.99566319
wasBornIn	0.47395297	0.11928368	0.10724680	0.07251836	0.82023484
participatedIn	0.03092333	0.49789473	0.00287685	0.00040335	0.99671980
holdsPoliticalPosition	0.05332165	0.50984276	0.00702505	0.00010173	0.99287322
influences	0.04493367	0.52104419	0.01822212	0.00990132	0.97187656
happenedIn	1.00000000	0.01394165	0.00000000	0.00000000	0.00000000
isLocatedIn	0.97590059	0.20579009	0.00000000	0.01156322	0.98843678
dealsWith	0.03977930	0.58050838	0.00000000	0.00000000	1.00000000
graduatedFrom	0.20777413	0.11554874	0.00984367	0.00146739	0.98868894
directed	0.18014194	0.14884348	0.05903659	0.00202043	0.93894298
hasChild	0.04443027	0.36231703	0.01115967	0.00041067	0.98842966
hasWonPrize	0.11209428	0.00098616	0.00000000	0.00000000	1.00000000
created	0.17285080	0.40505048	0.00976238	0.00626884	0.98396878
isLeaderOf	0.08134983	0.03071519	0.05200786	0.00349672	0.94449542
hasCapital	0.00347618	0.24417065	0.00000000	0.00010425	0.99989575
isKnownFor	0.00000000	0.00000000	0.00000000	0.00000000	0.00000000
playsFor	0.48122227	0.06169967	0.11642145	0.00000000	0.88357855
diedIn	0.07438873	0.28815206	0.00209204	0.00453448	0.99337347
