worksAt	0.04562194	0.11649591	0.03273818	0.00041053	0.96685129
actedIn	0.56289262	0.31607442	0.08225782	0.05787085	0.85987132
livesIn	0.10909880	0.04745465	0.24363247	0.00801488	0.74835265
isCitizenOf	0.16660504	0.13560449	0.04461061	0.04502488	0.91036451
isMarriedTo	0.12351095	0.57206897	0.03098487	0.00346483	0.96555030
isPoliticianOf	0.01573296	0.23605182	0.11747571	0.00000000	0.88252429
hasAcademicAdvisor	0.09436562	0.24565297	0.04118368	0.00445044	0.95436588
wasBornIn	0.47595869	0.18236887	0.15113521	0.07494837	0.77391642
participatedIn	0.03072723	0.52499422	0.00453385	0.00037232	0.99509384
holdsPoliticalPosition	0.05344774	0.50477673	0.00794805	0.00010147	0.99195048
influences	0.05889693	0.50868064	0.01873780	0.01166298	0.96959922
happenedIn	1.00000000	0.01394165	0.00000000	0.00000000	0.00000000
isLocatedIn	0.97107403	0.22375235	0.00000000	0.01427133	0.98572867
dealsWith	0.04122082	0.60239390	0.00456701	0.00000000	0.99543299
graduatedFrom	0.12898934	0.15896377	0.03119824	0.00131234	0.96748943
directed	0.06217280	0.19728411	0.17966735	0.00113651	0.81919614
hasChild	0.05679612	0.41904610	0.03547862	0.00046291	0.96405847
hasWonPrize	0.11209428	0.00098616	0.00000000	0.00000000	1.00000000
created	0.13911455	0.46928899	0.02217137	0.00497195	0.97285668
isLeaderOf	0.08351142	0.04846970	0.11446837	0.00497227	0.88055936
hasCapital	0.00375422	0.25568145	0.00000000	0.00010414	0.99989586
isKnownFor	0.00666467	0.05558923	0.13209765	0.00351359	0.86438876
playsFor	0.43973799	0.07559823	0.14490251	0.00049527	0.85460222
diedIn	0.08602899	0.35149559	0.02348837	0.00538074	0.97113089
