worksAt	0.04756897	0.13302376	0.01681423	0.00055009	0.98263568
actedIn	0.56647087	0.32793902	0.07729659	0.05734715	0.86535625
livesIn	0.11395282	0.01748516	0.07664566	0.00831569	0.91503865
isCitizenOf	0.16676707	0.13325083	0.03288373	0.04545774	0.92165853
isMarriedTo	0.12572489	0.56603881	0.02066983	0.00341861	0.97591155
isPoliticianOf	0.01999442	0.18213830	0.01291149	0.00000000	0.98708851
hasAcademicAdvisor	0.10632979	0.24411451	0.00000000	0.00433681	0.99566319
wasBornIn	0.47535501	0.16184227	0.15381574	0.07429147	0.77189279
participatedIn	0.03100552	0.52044877	0.00474346	0.00038683	0.99486971
holdsPoliticalPosition	0.05332165	0.50984276	0.00702505	0.00010173	0.99287322
influences	0.04491175	0.52162728	0.01837285	0.00987853	0.97174862
happenedIn	1.00000000	0.01394165	0.00000000	0.00000000	0.00000000
isLocatedIn	0.97155394	0.22338776	0.00000000	0.01454520	0.98545480
dealsWith	0.03977930	0.58050838	0.00000000	0.00000000	1.00000000
graduatedFrom	0.13134821	0.15975508	0.02162385	0.00133497	0.97704118
directed	0.17962912	0.14884348	0.06096252	0.00200696	0.93703052
hasChild	0.04424355	0.36376697	0.01164673	0.00040757	0.98794570
hasWonPrize	0.11209428	0.00098616	0.00000000	0.00000000	1.00000000
created	0.14061148	0.46846372	0.02127240	0.00503938	0.97368822
isLeaderOf	0.07910361	0.03785574	0.09430433	0.00313707	0.90255860
hasCapital	0.00347618	0.24417065	0.00000000	0.00010425	0.99989575
isKnownFor	0.00000000	0.00000000	0.00000000	0.00000000	0.00000000
playsFor	0.44019902	0.07553037	0.13752142	0.00051103	0.86196755
diedIn	0.08569792	0.34496282	0.01526236	0.00520580	0.97953184
