worksAt	0.04621395	0.13357624	0.01948992	0.00053133	0.97997875
actedIn	0.56670246	0.32893627	0.07713150	0.05722424	0.86564426
livesIn	0.10947686	0.05451212	0.12310194	0.00717018	0.86972788
isCitizenOf	0.16401687	0.13890812	0.05033295	0.04510090	0.90456615
isMarriedTo	0.12036558	0.57990942	0.03928720	0.00318197	0.95753083
isPoliticianOf	0.02578527	0.25647692	0.03587450	0.00000000	0.96412550
hasAcademicAdvisor	0.10632979	0.24411451	0.00000000	0.00433681	0.99566319
wasBornIn	0.47418511	0.16728118	0.15252641	0.07426434	0.77320925
participatedIn	0.03059340	0.52499422	0.00518095	0.00037232	0.99444673
holdsPoliticalPosition	0.05300614	0.51225973	0.00904329	0.00010096	0.99085575
influences	0.04395318	0.52162728	0.01812965	0.00975153	0.97211882
happenedIn	1.00000000	0.01394165	0.00000000	0.00000000	0.00000000
isLocatedIn	0.97146140	0.22342917	0.00000000	0.01449155	0.98550845
dealsWith	0.03977930	0.58050838	0.00000000	0.00000000	1.00000000
graduatedFrom	0.13067505	0.15985000	0.02224176	0.00132766	0.97643059
directed	0.15729191	0.15344964	0.09349786	0.00271273	0.90378941
hasChild	0.04592382	0.43602132	0.03009531	0.00040943	0.96949526
hasWonPrize	0.11209428	0.00098616	0.00000000	0.00000000	1.00000000
created	0.13864315	0.46963560	0.02347513	0.00498433	0.97154055
isLeaderOf	0.09371270	0.08912161	0.13796209	0.00353383	0.85850408
hasCapital	0.00375422	0.25568145	0.00000000	0.00010414	0.99989586
isKnownFor	0.00000000	0.00000000	0.00000000	0.00000000	0.00000000
playsFor	0.43585277	0.07625239	0.13974646	0.00049375	0.85975980
diedIn	0.09038959	0.37579628	0.03081882	0.00572604	0.96345513
