worksAt	0.04580320	0.11847889	0.03780672	0.00040642	0.96178685
actedIn	0.56289262	0.31607442	0.08225782	0.05787085	0.85987132
livesIn	0.10981796	0.06165991	0.34117385	0.00783114	0.65099501
isCitizenOf	0.16399886	0.14189389	0.08155098	0.04414064	0.87430838
isMarriedTo	0.12345443	0.57235757	0.03173936	0.00346112	0.96479951
isPoliticianOf	0.01480613	0.23605182	0.13543571	0.00000000	0.86456429
hasAcademicAdvisor	0.09436562	0.24565297	0.04118368	0.00445044	0.95436588
wasBornIn	0.47507985	0.23718776	0.18951948	0.07865383	0.73182670
participatedIn	0.03072723	0.52499422	0.00453385	0.00037232	0.99509384
holdsPoliticalPosition	0.05344774	0.50477673	0.00794805	0.00010147	0.99195048
influences	0.05866089	0.50868064	0.02012556	0.01176641	0.96810803
happenedIn	1.00000000	0.01394165	0.00000000	0.00000000	0.00000000
isLocatedIn	0.96962288	0.23744869	0.00000000	0.01833403	0.98166597
dealsWith	0.04122082	0.60239390	0.00456701	0.00000000	0.99543299
graduatedFrom	0.13006943	0.16557064	0.03971890	0.00135936	0.95892174
directed	0.06187606	0.19728411	0.17886639	0.00113024	0.82000337
hasChild	0.05714299	0.42332481	0.03782830	0.00046108	0.96171061
hasWonPrize	0.11209428	0.00098616	0.00000000	0.00000000	1.00000000
created	0.13895869	0.46942005	0.02228776	0.00496371	0.97274853
isLeaderOf	0.08942851	0.05351831	0.11877163	0.00491030	0.87631807
hasCapital	0.00375422	0.25568145	0.00000000	0.00010414	0.99989586
isKnownFor	0.00722192	0.09781145	0.35092730	0.00259991	0.64647280
playsFor	0.41747284	0.08027675	0.15444591	0.00042605	0.84512804
diedIn	0.09576619	0.40682868	0.04031253	0.00607565	0.95361182
