worksAt	0.04758150	0.13948395	0.02330673	0.00052302	0.97617025
actedIn	0.56670246	0.32893627	0.07713150	0.05722424	0.86564426
livesIn	0.12466646	0.06803294	0.16985961	0.00696662	0.82317377
isCitizenOf	0.16479111	0.14101327	0.05178319	0.04509522	0.90312160
isMarriedTo	0.12051572	0.58339250	0.04372299	0.00316721	0.95310979
isPoliticianOf	0.02578527	0.25647692	0.03587450	0.00000000	0.96412550
hasAcademicAdvisor	0.10632979	0.24411451	0.00000000	0.00433681	0.99566319
wasBornIn	0.47154834	0.21778073	0.19793301	0.07795195	0.72411503
participatedIn	0.03059340	0.52499422	0.00518095	0.00037232	0.99444673
holdsPoliticalPosition	0.05300614	0.51225973	0.00904329	0.00010096	0.99085575
influences	0.04328667	0.52489182	0.02950509	0.00951996	0.96097495
happenedIn	1.00000000	0.01394165	0.00000000	0.00000000	0.00000000
isLocatedIn	0.97014165	0.23662268	0.00000000	0.01873186	0.98126814
dealsWith	0.03977930	0.58050838	0.00000000	0.00000000	1.00000000
graduatedFrom	0.13094629	0.17073545	0.04037831	0.00132865	0.95829304
directed	0.15542444	0.15344964	0.09200127	0.00266024	0.90533849
hasChild	0.04705587	0.44936623	0.03422914	0.00040767	0.96536319
hasWonPrize	0.11209428	0.00098616	0.00000000	0.00000000	1.00000000
created	0.13853652	0.46976666	0.02352197	0.00497819	0.97149984
isLeaderOf	0.09785318	0.09348763	0.13995745	0.00353383	0.85650872
hasCapital	0.00375422	0.25568145	0.00000000	0.00010414	0.99989586
isKnownFor	0.00000000	0.00000000	0.00000000	0.00000000	0.00000000
playsFor	0.40864550	0.08139828	0.15458800	0.00041490	0.84499709
diedIn	0.10007572	0.43110015	0.04438429	0.00644033	0.94917539
