worksAt	0.04752916	0.13302376	0.01719498	0.00055009	0.98225493
actedIn	0.56647087	0.32793902	0.07729659	0.05734715	0.86535625
livesIn	0.11378078	0.01786725	0.08634765	0.00812621	0.90552614
isCitizenOf	0.16743698	0.13498057	0.03367438	0.04552590	0.92079972
isMarriedTo	0.12571705	0.56603881	0.02066856	0.00341831	0.97591313
isPoliticianOf	0.01999442	0.18213830	0.01291149	0.00000000	0.98708851
hasAcademicAdvisor	0.10632979	0.24411451	0.00000000	0.00433681	0.99566319
wasBornIn	0.47237032	0.21136870	0.19998761	0.07842111	0.72159129
participatedIn	0.03100552	0.52044877	0.00474346	0.00038683	0.99486971
holdsPoliticalPosition	0.05332165	0.50984276	0.00702505	0.00010173	0.99287322
influences	0.04491175	0.52162728	0.01837285	0.00987853	0.97174862
happenedIn	1.00000000	0.01394165	0.00000000	0.00000000	0.00000000
isLocatedIn	0.97018959	0.23656310	0.00000000	0.01876070	0.98123930
dealsWith	0.03977930	0.58050838	0.00000000	0.00000000	1.00000000
graduatedFrom	0.13235282	0.16660368	0.03028708	0.00129912	0.96841380
directed	0.17700095	0.14884348	0.05969438	0.00195895	0.93834667
hasChild	0.04423910	0.36376697	0.01164592	0.00040753	0.98794655
hasWonPrize	0.11209428	0.00098616	0.00000000	0.00000000	1.00000000
created	0.14050114	0.46859478	0.02132144	0.00503308	0.97364547
isLeaderOf	0.08882296	0.04290435	0.10037504	0.00312126	0.89650369
hasCapital	0.00347618	0.24417065	0.00000000	0.00010425	0.99989575
isKnownFor	0.00000000	0.00000000	0.00000000	0.00000000	0.00000000
playsFor	0.41808960	0.08025772	0.14901218	0.00043866	0.85054916
diedIn	0.09411589	0.38768501	0.02207197	0.00563591	0.97229213
