worksAt	0.04758150	0.13948395	0.02330673	0.00052302	0.97617025
actedIn	0.56670246	0.32893627	0.07713150	0.05722424	0.86564426
livesIn	0.14709608	0.09289278	0.24218078	0.00724693	0.75057229
isCitizenOf	0.16482511	0.14138233	0.05338876	0.04499963	0.90161161
isMarriedTo	0.12051572	0.58339250	0.04372299	0.00316721	0.95310979
isPoliticianOf	0.02578527	0.25647692	0.03587450	0.00000000	0.96412550
hasAcademicAdvisor	0.10632979	0.24411451	0.00000000	0.00433681	0.99566319
wasBornIn	0.47559206	0.24619349	0.23164001	0.07742992	0.69093007
participatedIn	0.03059340	0.52499422	0.00518095	0.00037232	0.99444673
holdsPoliticalPosition	0.05300614	0.51225973	0.00904329	0.00010096	0.99085575
influences	0.04328667	0.52489182	0.02950509	0.00951996	0.96097495
happenedIn	1.00000000	0.01394165	0.00000000	0.00000000	0.00000000
isLocatedIn	0.96976739	0.23698858	0.00000000	0.01846058	0.98153942
dealsWith	0.03977930	0.58050838	0.00000000	0.00000000	1.00000000
graduatedFrom	0.13103553	0.17101801	0.04076017	0.00132750	0.95791234
directed	0.15542444	0.15344964	0.09200127	0.00266024	0.90533849
hasChild	0.04705587	0.44936623	0.03422914	0.00040767	0.96536319
hasWonPrize	0.11209428	0.00098616	0.00000000	0.00000000	1.00000000
created	0.13844702	0.47773305	0.03894883	0.00500810	0.95604307
isLeaderOf	0.12268217	0.14234897	0.25742776	0.00372608	0.73884616
hasCapital	0.00375422	0.25568145	0.00000000	0.00010414	0.99989586
isKnownFor	0.00000000	0.00000000	0.00000000	0.00000000	0.00000000
playsFor	0.45207582	0.12650624	0.22302872	0.00061987	0.77635141
diedIn	0.10149904	0.44202217	0.05211690	0.00659809	0.94128501
