worksAt	0.04752916	0.13302376	0.01719498	0.00055009	0.98225493
actedIn	0.56647087	0.32793902	0.07729659	0.05734715	0.86535625
livesIn	0.11628746	0.01839238	0.08989907	0.00807251	0.90202842
isCitizenOf	0.16729274	0.13498057	0.03392011	0.04561888	0.92046101
isMarriedTo	0.12571705	0.56603881	0.02066856	0.00341831	0.97591313
isPoliticianOf	0.01999442	0.18213830	0.01291149	0.00000000	0.98708851
hasAcademicAdvisor	0.10632979	0.24411451	0.00000000	0.00433681	0.99566319
wasBornIn	0.47653620	0.24026532	0.23454527	0.07777897	0.68767575
participatedIn	0.03100552	0.52044877	0.00474346	0.00038683	0.99486971
holdsPoliticalPosition	0.05332165	0.50984276	0.00702505	0.00010173	0.99287322
influences	0.04491175	0.52162728	0.01837285	0.00987853	0.97174862
happenedIn	1.00000000	0.01394165	0.00000000	0.00000000	0.00000000
isLocatedIn	0.96981410	0.23691983	0.00000000	0.01848869	0.98151131
dealsWith	0.03977930	0.58050838	0.00000000	0.00000000	1.00000000
graduatedFrom	0.13230495	0.16669641	0.03068304	0.00129774	0.96801922
directed	0.17700095	0.14884348	0.05969438	0.00195895	0.93834667
hasChild	0.04423910	0.36376697	0.01164592	0.00040753	0.98794655
hasWonPrize	0.11209428	0.00098616	0.00000000	0.00000000	1.00000000
created	0.14050114	0.46859478	0.02132144	0.00503308	0.97364547
isLeaderOf	0.08882296	0.04290435	0.10037504	0.00312126	0.89650369
hasCapital	0.00347618	0.24417065	0.00000000	0.00010425	0.99989575
isKnownFor	0.00000000	0.00000000	0.00000000	0.00000000	0.00000000
playsFor	0.45970520	0.12538829	0.22183896	0.00064891	0.77751214
diedIn	0.09521098	0.39487018	0.02689222	0.00569534	0.96741244
