worksAt	0.04569260	0.11847889	0.03909337	0.00040550	0.96050113
actedIn	0.56342416	0.31979487	0.08150997	0.05733487	0.86115516
livesIn	0.12126910	0.07979403	0.39364345	0.00728888	0.59906768
isCitizenOf	0.16353099	0.14689198	0.10272150	0.04404615	0.85323235
isMarriedTo	0.12328821	0.57235757	0.03213021	0.00345548	0.96441430
isPoliticianOf	0.01430348	0.23605182	0.15371768	0.00000000	0.84628232
hasAcademicAdvisor	0.09436562	0.24565297	0.04118368	0.00445044	0.95436588
wasBornIn	0.47813587	0.26381619	0.22095075	0.07837411	0.70067514
participatedIn	0.03072723	0.52499422	0.00453385	0.00037232	0.99509384
holdsPoliticalPosition	0.05344774	0.50477673	0.00794805	0.00010147	0.99195048
influences	0.05865924	0.50868064	0.02012386	0.01176603	0.96811011
happenedIn	1.00000000	0.01394165	0.00000000	0.00000000	0.00000000
isLocatedIn	0.96917225	0.23848371	0.00000000	0.01797633	0.98202367
dealsWith	0.04122082	0.60239390	0.00456701	0.00000000	0.99543299
graduatedFrom	0.12944114	0.16566336	0.04367098	0.00135089	0.95497814
directed	0.06111926	0.19832860	0.19024563	0.00111096	0.80864341
hasChild	0.05712122	0.42383895	0.03841374	0.00046041	0.96112585
hasWonPrize	0.11209428	0.00098616	0.00000000	0.00000000	1.00000000
created	0.13857915	0.47176874	0.02964571	0.00492322	0.96543108
isLeaderOf	0.08647823	0.05851151	0.17726525	0.00426959	0.81846515
hasCapital	0.00375422	0.25568145	0.00000000	0.00010414	0.99989586
isKnownFor	0.00706032	0.09781145	0.36032432	0.00255267	0.63712300
playsFor	0.45907156	0.12547811	0.22557988	0.00063348	0.77378664
diedIn	0.09619754	0.41118379	0.04427805	0.00610787	0.94961408
