worksAt	0.04697749	0.07408780	0.02886305	0.00039370	0.97074325
actedIn	0.57866615	0.26023135	0.09446653	0.06385528	0.84167820
livesIn	0.11954419	0.03934138	0.21371525	0.00911536	0.77716939
isCitizenOf	0.16492852	0.13078076	0.03899922	0.04513423	0.91586655
isMarriedTo	0.17870161	0.47801192	0.04060374	0.00254845	0.95684781
isPoliticianOf	0.01816801	0.21143040	0.10200224	0.00000000	0.89799776
hasAcademicAdvisor	0.10632979	0.24411451	0.00000000	0.00433681	0.99566319
wasBornIn	0.48659137	0.12451527	0.15804242	0.06537753	0.77658005
participatedIn	0.03073925	0.52499422	0.00453609	0.00037232	0.99509159
holdsPoliticalPosition	0.05428631	0.50300460	0.00719849	0.00010272	0.99269879
influences	0.11911307	0.37242108	0.00000000	0.02242734	0.97757266
happenedIn	1.00000000	0.01394165	0.00000000	0.00000000	0.00000000
isLocatedIn	0.97094633	0.21284355	0.00000000	0.01420848	0.98579152
dealsWith	0.04125602	0.60239390	0.00387262	0.00000000	0.99612738
graduatedFrom	0.19167396	0.09502985	0.02197409	0.00113441	0.97689150
directed	0.05937920	0.15517301	0.16707591	0.00086458	0.83205951
hasChild	0.07362791	0.28626840	0.04233637	0.00052034	0.95714329
hasWonPrize	0.13888889	0.00077467	0.00000000	0.00000000	1.00000000
created	0.14766312	0.38275291	0.02414352	0.00531280	0.97054369
isLeaderOf	0.07766885	0.03909890	0.11805661	0.00461249	0.87733090
hasCapital	0.00000000	0.00000000	0.00000000	0.00000000	0.00000000
isKnownFor	0.00384615	0.00740741	0.05964789	0.00000000	0.94035211
playsFor	0.40310369	0.02183811	0.17174475	0.00150309	0.82675216
diedIn	0.30234062	0.27186423	0.08895066	0.02090829	0.89014105
