worksAt	0.04711878	0.07456857	0.03039482	0.00039216	0.96921302
actedIn	0.57866615	0.26023135	0.09446653	0.06385528	0.84167820
livesIn	0.11817375	0.04470441	0.28571484	0.00786481	0.70642035
isCitizenOf	0.16461585	0.13424284	0.05660159	0.04496623	0.89843218
isMarriedTo	0.17865036	0.47849211	0.04154292	0.00254463	0.95591245
isPoliticianOf	0.01778837	0.21143040	0.10621989	0.00000000	0.89378011
hasAcademicAdvisor	0.10632979	0.24411451	0.00000000	0.00433681	0.99566319
wasBornIn	0.48175603	0.17425957	0.20757807	0.07282219	0.71959974
participatedIn	0.03073925	0.52499422	0.00453609	0.00037232	0.99509159
holdsPoliticalPosition	0.05428631	0.50300460	0.00719849	0.00010272	0.99269879
influences	0.11911307	0.37242108	0.00000000	0.02242734	0.97757266
happenedIn	1.00000000	0.01394165	0.00000000	0.00000000	0.00000000
isLocatedIn	0.96959127	0.21581335	0.00000000	0.01333702	0.98666298
dealsWith	0.04125602	0.60239390	0.00387262	0.00000000	0.99612738
graduatedFrom	0.19085311	0.09521845	0.02502130	0.00112487	0.97385383
directed	0.05903077	0.15517301	0.16618236	0.00085854	0.83295910
hasChild	0.07371938	0.28723943	0.04342959	0.00051898	0.95605143
hasWonPrize	0.13888889	0.00077467	0.00000000	0.00000000	1.00000000
created	0.14753168	0.38298026	0.02420105	0.00530344	0.97049551
isLeaderOf	0.08580554	0.04414752	0.12452923	0.00458807	0.87088270
hasCapital	0.00000000	0.00000000	0.00000000	0.00000000	0.00000000
isKnownFor	0.00696970	0.04222222	0.50809953	0.00112994	0.49077053
playsFor	0.39171740	0.02539409	0.16925960	0.00123394	0.82950647
diedIn	0.30943590	0.32884325	0.16246353	0.02139048	0.81614599
