worksAt	0.04707233	0.07456857	0.03075497	0.00039139	0.96885364
actedIn	0.57979610	0.26546690	0.09307257	0.06284000	0.84408743
livesIn	0.12313217	0.04992094	0.31825820	0.00735262	0.67438919
isCitizenOf	0.16417597	0.13513940	0.06428559	0.04493698	0.89077743
isMarriedTo	0.17857489	0.47849211	0.04180617	0.00254298	0.95565086
isPoliticianOf	0.01769070	0.21143040	0.10967129	0.00000000	0.89032871
hasAcademicAdvisor	0.10632979	0.24411451	0.00000000	0.00433681	0.99566319
wasBornIn	0.48350513	0.18762971	0.23026006	0.07252230	0.69721764
participatedIn	0.03073925	0.52499422	0.00453609	0.00037232	0.99509159
holdsPoliticalPosition	0.05428631	0.50300460	0.00719849	0.00010272	0.99269879
influences	0.11911307	0.37242108	0.00000000	0.02242734	0.97757266
happenedIn	1.00000000	0.01394165	0.00000000	0.00000000	0.00000000
isLocatedIn	0.96960780	0.21621979	0.00000000	0.01331673	0.98668327
dealsWith	0.04125602	0.60239390	0.00387262	0.00000000	0.99612738
graduatedFrom	0.19006454	0.09540389	0.02828262	0.00111664	0.97060074
directed	0.05866030	0.15627087	0.17399974	0.00084806	0.82515220
hasChild	0.07370793	0.28762553	0.04460177	0.00051784	0.95488039
hasWonPrize	0.13888889	0.00077467	0.00000000	0.00000000	1.00000000
created	0.14764121	0.38638899	0.03034287	0.00526062	0.96439652
isLeaderOf	0.08475299	0.04629276	0.14890579	0.00429754	0.84679667
hasCapital	0.00000000	0.00000000	0.00000000	0.00000000	0.00000000
isKnownFor	0.00693307	0.04222222	0.51371388	0.00111732	0.48516880
playsFor	0.49251525	0.07555819	0.29957201	0.00121792	0.69921008
diedIn	0.30734859	0.33099448	0.17129953	0.02103382	0.80766664
