worksAt	0.06153500	0.58776400	0.10823485	0.00045981	0.89130534
actedIn	0.53642349	0.66411980	0.04117681	0.05849010	0.90033309
livesIn	0.14049987	0.10155082	0.07662054	0.01091927	0.91246019
isCitizenOf	0.17678051	0.23041994	0.03172739	0.04727225	0.92100037
isMarriedTo	0.05848753	0.95486867	0.01950516	0.00260047	0.97789437
isPoliticianOf	0.03350836	0.35254516	0.07142061	0.00000000	0.92857939
hasAcademicAdvisor	0.03769772	0.55422897	0.04780609	0.00581623	0.94637768
wasBornIn	0.48523079	0.19173165	0.09277640	0.07418455	0.83303905
participatedIn	0.02669705	0.72055433	0.00287817	0.00037838	0.99674345
holdsPoliticalPosition	0.03397276	0.86166407	0.02218980	0.00011084	0.97769936
influences	0.02237224	0.89942176	0.04699794	0.00598887	0.94701318
happenedIn	0.76381369	0.67368485	0.00000000	0.00000000	1.00000000
isLocatedIn	0.98157009	0.54025190	0.00227589	0.03201466	0.96570945
dealsWith	0.00636163	1.00000000	0.51494777	0.00000000	0.48505223
graduatedFrom	0.20408564	0.63115457	0.04163453	0.00242483	0.95594064
directed	0.09056121	0.90578896	0.03153782	0.00340115	0.96506103
hasChild	0.04212153	0.93619560	0.02674623	0.00053027	0.97272350
hasWonPrize	0.20429443	0.01153161	0.00000000	0.00000000	1.00000000
created	0.11005072	0.88480330	0.01238796	0.00446614	0.98314590
isLeaderOf	0.07952320	0.06790566	0.09224210	0.00536781	0.90239010
hasCapital	0.00644723	0.46103857	0.00000000	0.00017816	0.99982184
isKnownFor	0.00342141	0.72468013	0.11205741	0.00027771	0.88766488
playsFor	0.55969260	0.53185499	0.04391731	0.00903823	0.94704446
diedIn	0.09620729	0.42766548	0.01972808	0.00741805	0.97285386
