worksAt	0.06844619	0.58613830	0.04350878	0.00057761	0.95591361
actedIn	0.53741268	0.66236060	0.03034155	0.05802640	0.91163205
livesIn	0.14836671	0.08925847	0.03752181	0.01078610	0.95169210
isCitizenOf	0.17524613	0.23635958	0.03200828	0.04843195	0.91955977
isMarriedTo	0.05760242	0.95604455	0.01653364	0.00260677	0.98085959
isPoliticianOf	0.04445952	0.41473271	0.02924632	0.00000000	0.97075368
hasAcademicAdvisor	0.04908389	0.54110892	0.01642913	0.00756688	0.97600399
wasBornIn	0.48459146	0.19000915	0.09652610	0.07413708	0.82933682
participatedIn	0.02640333	0.70633522	0.00260811	0.00037817	0.99701372
holdsPoliticalPosition	0.03592799	0.86590591	0.01253638	0.00011278	0.98735084
influences	0.02483769	0.88307072	0.01715649	0.00676671	0.97607680
happenedIn	0.76381369	0.67368485	0.00000000	0.00000000	1.00000000
isLocatedIn	0.98157758	0.54022894	0.00227708	0.03203613	0.96568679
dealsWith	0.01109682	1.00000000	0.00010638	0.00000000	0.99989362
graduatedFrom	0.20912155	0.63208023	0.01127635	0.00249395	0.98622970
directed	0.10352456	0.90305679	0.00747432	0.00397257	0.98855311
hasChild	0.03859768	0.94187264	0.02630398	0.00049719	0.97319883
hasWonPrize	0.20429443	0.01153161	0.00000000	0.00000000	1.00000000
created	0.10972501	0.88586063	0.01351212	0.00447836	0.98200953
isLeaderOf	0.09281036	0.07414307	0.06969119	0.00394309	0.92636572
hasCapital	0.00641255	0.45638741	0.00000000	0.00017820	0.99982180
isKnownFor	0.00638229	0.60097643	0.00200361	0.00014695	0.99784943
playsFor	0.56499974	0.53187815	0.03150200	0.00923229	0.95926571
diedIn	0.09835793	0.44181036	0.02030521	0.00767145	0.97202334
