worksAt	0.06357814	0.46442228	0.01495347	0.00061204	0.98443449
actedIn	0.53911318	0.65792670	0.02846500	0.05828145	0.91325355
livesIn	0.15092278	0.07980896	0.01628898	0.01080889	0.97290213
isCitizenOf	0.17774798	0.22996911	0.01991060	0.04822920	0.93186020
isMarriedTo	0.05909985	0.95371587	0.01374241	0.00260887	0.98364872
isPoliticianOf	0.04203213	0.33034118	0.01159928	0.00000000	0.98840072
hasAcademicAdvisor	0.05315493	0.51413106	0.00796583	0.00784484	0.98418933
wasBornIn	0.48586216	0.18846479	0.09285787	0.07458374	0.83255839
participatedIn	0.02653105	0.70633522	0.00174582	0.00037982	0.99787436
holdsPoliticalPosition	0.03831919	0.85428676	0.01003140	0.00012529	0.98984331
influences	0.02599397	0.88154866	0.01112514	0.00701796	0.98185690
happenedIn	0.76381369	0.67368485	0.00000000	0.00000000	1.00000000
isLocatedIn	0.98159382	0.54021964	0.00227915	0.03206544	0.96565542
dealsWith	0.01111370	1.00000000	0.00000000	0.00000000	1.00000000
graduatedFrom	0.21024185	0.63132743	0.01022403	0.00251711	0.98725886
directed	0.10651910	0.90103597	0.00302241	0.00403956	0.99293803
hasChild	0.04230323	0.90501252	0.01470785	0.00050064	0.98479151
hasWonPrize	0.20429443	0.01153161	0.00000000	0.00000000	1.00000000
created	0.11005581	0.88512694	0.01186352	0.00446610	0.98367038
isLeaderOf	0.11633306	0.05652826	0.03797821	0.00622762	0.95579418
hasCapital	0.01805996	0.44072850	0.00000000	0.00107652	0.99892348
isKnownFor	0.00639978	0.59356902	0.00133922	0.00015157	0.99850920
playsFor	0.56512324	0.53187815	0.03135221	0.00923741	0.95941037
diedIn	0.09480974	0.41254354	0.00626136	0.00724436	0.98649429
