worksAt	0.04718489	0.66095300	0.12826935	0.00038536	0.87134529
actedIn	0.53423136	0.70585399	0.05333260	0.05826343	0.88840397
livesIn	0.13014217	0.15960194	0.19789909	0.00982357	0.79227734
isCitizenOf	0.16939761	0.27789785	0.07308824	0.04717323	0.87973852
isMarriedTo	0.05417186	0.95914202	0.07021877	0.00253623	0.92724500
isPoliticianOf	0.02904711	0.40785441	0.13331082	0.00000000	0.86668918
hasAcademicAdvisor	0.03306036	0.58266183	0.06832855	0.00492516	0.92674629
wasBornIn	0.48281565	0.27539032	0.14795363	0.08035074	0.77169563
participatedIn	0.02668529	0.73057924	0.00402107	0.00037323	0.99560570
holdsPoliticalPosition	0.03312889	0.86761860	0.03296454	0.00010739	0.96692807
influences	0.02119483	0.91770191	0.05446516	0.00575714	0.93977770
happenedIn	0.76381369	0.67368485	0.00000000	0.00000000	1.00000000
isLocatedIn	0.98073307	0.54641990	0.00173500	0.03193036	0.96633464
dealsWith	0.00635874	1.00000000	0.51547302	0.00000000	0.48452698
graduatedFrom	0.17740796	0.67519945	0.06633538	0.00245327	0.93121135
directed	0.07052603	0.92018055	0.05541300	0.00264017	0.94194683
hasChild	0.04080483	0.95420532	0.03114427	0.00050362	0.96835211
hasWonPrize	0.20821561	0.01318898	0.01060274	0.00000000	0.98939726
created	0.09683776	0.92193212	0.02053495	0.00433737	0.97512768
isLeaderOf	0.08383235	0.09371765	0.14818231	0.00418361	0.84763409
hasCapital	0.00644723	0.46103857	0.00000000	0.00017816	0.99982184
isKnownFor	0.00245123	0.78764310	0.12424613	0.00019276	0.87556111
playsFor	0.52412622	0.58703291	0.07789046	0.00934788	0.91276167
diedIn	0.10330129	0.47754911	0.03931383	0.00772216	0.95296400
