worksAt	0.05731350	0.64550671	0.04832740	0.00049349	0.95117911
actedIn	0.53659528	0.69883644	0.03978139	0.05895276	0.90126585
livesIn	0.14653141	0.14090827	0.09397089	0.00966315	0.89636596
isCitizenOf	0.17008168	0.27983965	0.05047055	0.04804107	0.90148838
isMarriedTo	0.05572664	0.95942018	0.02086045	0.00262768	0.97651188
isPoliticianOf	0.04563979	0.48300493	0.05265825	0.00000000	0.94734175
hasAcademicAdvisor	0.04778481	0.55515136	0.02014362	0.00712809	0.97272828
wasBornIn	0.48216325	0.26287990	0.15153073	0.08037198	0.76809729
participatedIn	0.02637782	0.71636012	0.00354313	0.00037307	0.99608380
holdsPoliticalPosition	0.03594736	0.86934907	0.01371767	0.00011261	0.98616972
influences	0.02325756	0.90877722	0.02755450	0.00632226	0.96612324
happenedIn	0.76381369	0.67368485	0.00000000	0.00000000	1.00000000
isLocatedIn	0.98081224	0.54635975	0.00174257	0.03206896	0.96618848
dealsWith	0.01109682	1.00000000	0.00010638	0.00000000	0.99989362
graduatedFrom	0.18196040	0.67854626	0.03014433	0.00244453	0.96741114
directed	0.09388945	0.91647868	0.01799331	0.00365377	0.97835293
hasChild	0.03755540	0.96008402	0.02967765	0.00047476	0.96984759
hasWonPrize	0.20821561	0.01318898	0.01060274	0.00000000	0.98939726
created	0.09640072	0.92151911	0.02084132	0.00426561	0.97489307
isLeaderOf	0.10950301	0.11392928	0.10333093	0.00424871	0.89242036
hasCapital	0.00641255	0.45638741	0.00000000	0.00017820	0.99982180
isKnownFor	0.00645356	0.60838384	0.00200351	0.00014684	0.99784965
playsFor	0.52818890	0.58710214	0.06715963	0.00954398	0.92329639
diedIn	0.10747507	0.50283680	0.03811106	0.00850791	0.95338104
