worksAt	0.06180753	0.49028289	0.01794849	0.00063498	0.98141653
actedIn	0.53848886	0.69136846	0.03796596	0.05916585	0.90286820
livesIn	0.15961318	0.10063788	0.03637728	0.01017207	0.95345065
isCitizenOf	0.17059931	0.26363255	0.02934030	0.04720992	0.92344978
isMarriedTo	0.05740054	0.95770062	0.01619160	0.00266416	0.98114424
isPoliticianOf	0.04514380	0.37348112	0.01517076	0.00000000	0.98482924
hasAcademicAdvisor	0.05243498	0.52177501	0.00972624	0.00765157	0.98262218
wasBornIn	0.48369252	0.25934018	0.14973861	0.08035102	0.76991037
participatedIn	0.02659332	0.71636012	0.00223669	0.00037463	0.99738868
holdsPoliticalPosition	0.03837976	0.85772992	0.01059294	0.00012526	0.98928180
influences	0.02504775	0.90014297	0.01781152	0.00674107	0.97544742
happenedIn	0.76381369	0.67368485	0.00000000	0.00000000	1.00000000
isLocatedIn	0.98082717	0.54631822	0.00174443	0.03209709	0.96615848
dealsWith	0.01111370	1.00000000	0.00000000	0.00000000	1.00000000
graduatedFrom	0.18577166	0.67321073	0.01743256	0.00253979	0.98002765
directed	0.10102446	0.91258896	0.00642045	0.00391640	0.98966315
hasChild	0.04112444	0.93142478	0.01960808	0.00047298	0.97991894
hasWonPrize	0.20821561	0.01318898	0.01060274	0.00000000	0.98939726
created	0.09635190	0.91249454	0.01779153	0.00424722	0.97796125
isLeaderOf	0.13247654	0.08576011	0.07912955	0.00557355	0.91529690
hasCapital	0.01805996	0.44072850	0.00000000	0.00107652	0.99892348
isKnownFor	0.00647333	0.60097643	0.00133917	0.00015146	0.99850938
playsFor	0.52934172	0.58705564	0.06593395	0.00954453	0.92452152
diedIn	0.10244378	0.45874278	0.01752376	0.00765606	0.97482018
