worksAt	0.05744458	0.65104950	0.04969555	0.00049044	0.94981401
actedIn	0.53815660	0.74415254	0.04737291	0.05895640	0.89367069
livesIn	0.15598799	0.17939157	0.12974616	0.00909375	0.86116009
isCitizenOf	0.16934385	0.29102757	0.05998856	0.04732007	0.89269137
isMarriedTo	0.05403610	0.96119253	0.02340297	0.00255670	0.97404033
isPoliticianOf	0.04718951	0.49942529	0.05430198	0.00000000	0.94569802
hasAcademicAdvisor	0.04782456	0.55668982	0.02056610	0.00711914	0.97231477
wasBornIn	0.47620589	0.32235050	0.19427426	0.08300575	0.72271999
participatedIn	0.02644133	0.72028169	0.00448473	0.00037277	0.99514250
holdsPoliticalPosition	0.03545046	0.87018941	0.01560099	0.00010899	0.98429002
influences	0.02122438	0.91561781	0.03745541	0.00578282	0.95676177
happenedIn	0.76381369	0.67368485	0.00000000	0.00000000	1.00000000
isLocatedIn	0.98070660	0.56060767	0.00086948	0.03407672	0.96505380
dealsWith	0.01109682	1.00000000	0.00010638	0.00000000	0.99989362
graduatedFrom	0.18010771	0.68188024	0.03444190	0.00240367	0.96315443
directed	0.08457864	0.92625165	0.02882778	0.00332265	0.96784957
hasChild	0.03628843	0.96281999	0.03182876	0.00045715	0.96771409
hasWonPrize	0.21336074	0.01902556	0.04307381	0.00000000	0.95692619
created	0.09386209	0.93388334	0.02516138	0.00427984	0.97055878
isLeaderOf	0.11514217	0.12884688	0.11271077	0.00458327	0.88270596
hasCapital	0.00641255	0.45638741	0.00000000	0.00017820	0.99982180
isKnownFor	0.00588879	0.69986532	0.00976835	0.00019772	0.99003393
playsFor	0.52389804	0.58752422	0.07138919	0.00937620	0.91923461
diedIn	0.11535105	0.56227483	0.05918033	0.00924087	0.93157880
