worksAt	0.04559470	0.67830613	0.13676714	0.00039747	0.86283540
actedIn	0.53570628	0.75264449	0.06497629	0.05728951	0.87773419
livesIn	0.13237710	0.20898264	0.28338364	0.00913492	0.70748145
isCitizenOf	0.16637211	0.29188652	0.10800148	0.04663551	0.84536301
isMarriedTo	0.05247276	0.96220142	0.07242420	0.00247823	0.92509758
isPoliticianOf	0.02834833	0.44411604	0.17554013	0.00000000	0.82445987
hasAcademicAdvisor	0.03247188	0.58420029	0.07109648	0.00489068	0.92401284
wasBornIn	0.47897390	0.34060286	0.18629356	0.08304481	0.73066163
participatedIn	0.02672337	0.73450081	0.00546424	0.00037259	0.99416317
holdsPoliticalPosition	0.03117490	0.86845893	0.04804033	0.00009983	0.95185983
influences	0.01986719	0.92144619	0.06225294	0.00539206	0.93235500
happenedIn	0.76381369	0.67368485	0.00000000	0.00000000	1.00000000
isLocatedIn	0.98055526	0.56080185	0.00086397	0.03381161	0.96532443
dealsWith	0.00635774	1.00000000	0.51563824	0.00000000	0.48436176
graduatedFrom	0.17587641	0.67882360	0.07083020	0.00241426	0.92675554
directed	0.06204157	0.92988420	0.06201518	0.00238128	0.93560354
hasChild	0.03984324	0.95600298	0.03559424	0.00049016	0.96391560
hasWonPrize	0.21359145	0.01902556	0.04312237	0.00000000	0.95687763
created	0.09432690	0.93507388	0.02493707	0.00434810	0.97071483
isLeaderOf	0.05716112	0.13114973	0.20184623	0.00337695	0.79477682
hasCapital	0.00644723	0.46103857	0.00000000	0.00017816	0.99982184
isKnownFor	0.00208494	0.78764310	0.13048526	0.00016296	0.86935178
playsFor	0.51993919	0.58745498	0.08321616	0.00918516	0.90759868
diedIn	0.11112465	0.53551699	0.06210555	0.00842747	0.92946698
