worksAt	0.06203685	0.49424098	0.01830596	0.00063230	0.98106174
actedIn	0.54042965	0.73592806	0.04352421	0.05853167	0.89794412
livesIn	0.16590111	0.12493060	0.06342157	0.00933302	0.92724541
isCitizenOf	0.17008046	0.27145373	0.03530958	0.04655245	0.91813797
isMarriedTo	0.05564854	0.95975113	0.01813067	0.00259083	0.97927851
isPoliticianOf	0.04615297	0.38300493	0.01614163	0.00000000	0.98385837
hasAcademicAdvisor	0.05243498	0.52177501	0.00972624	0.00765157	0.98262218
wasBornIn	0.47744299	0.31829240	0.19235235	0.08289019	0.72475746
participatedIn	0.02659332	0.71636012	0.00223669	0.00037463	0.99738868
holdsPoliticalPosition	0.03810429	0.85857026	0.01116680	0.00012308	0.98871012
influences	0.02327917	0.90406385	0.02464145	0.00624772	0.96911083
happenedIn	0.76381369	0.67368485	0.00000000	0.00000000	1.00000000
isLocatedIn	0.98071248	0.56054773	0.00087037	0.03409093	0.96503870
dealsWith	0.01111370	1.00000000	0.00000000	0.00000000	1.00000000
graduatedFrom	0.18409222	0.67625057	0.02134106	0.00249949	0.97615945
directed	0.09228242	0.91856530	0.01240303	0.00364221	0.98395476
hasChild	0.04038892	0.93230583	0.02082338	0.00046386	0.97871277
hasWonPrize	0.21274552	0.01858455	0.04062629	0.00000000	0.95937371
created	0.09386785	0.92544851	0.02159706	0.00425083	0.97415212
isLeaderOf	0.13441126	0.09582866	0.08492557	0.00654244	0.90853198
hasCapital	0.01805996	0.44072850	0.00000000	0.00107652	0.99892348
isKnownFor	0.00642991	0.60097643	0.00166644	0.00015004	0.99818352
playsFor	0.52532475	0.58747772	0.06957355	0.00938666	0.92103978
diedIn	0.10989591	0.50511695	0.02759200	0.00811882	0.96428918
