worksAt	0.05745316	0.66744867	0.05253045	0.00047879	0.94699076
actedIn	0.53805334	0.75119957	0.05115853	0.05916417	0.88967730
livesIn	0.16791156	0.21328493	0.18400593	0.00908745	0.80690663
isCitizenOf	0.17092795	0.29888003	0.06966960	0.04727178	0.88305863
isMarriedTo	0.05337029	0.96314309	0.02988435	0.00255239	0.96756327
isPoliticianOf	0.04718951	0.49942529	0.05430198	0.00000000	0.94569802
hasAcademicAdvisor	0.04785133	0.56320333	0.02136800	0.00705959	0.97157241
wasBornIn	0.48020343	0.37695484	0.22212776	0.08159484	0.69627740
participatedIn	0.02644133	0.72028169	0.00448473	0.00037277	0.99514250
holdsPoliticalPosition	0.03545017	0.87102974	0.01589983	0.00010891	0.98399126
influences	0.02084398	0.91766075	0.04268915	0.00574085	0.95157000
happenedIn	0.76381369	0.67368485	0.00000000	0.00000000	1.00000000
isLocatedIn	0.98033577	0.56152589	0.01217851	0.03460409	0.95321740
dealsWith	0.01109682	1.00000000	0.00010638	0.00000000	0.99989362
graduatedFrom	0.17758386	0.77996459	0.06225563	0.00359425	0.93415013
directed	0.08358220	0.92727472	0.03085919	0.00327446	0.96586635
hasChild	0.03607388	0.96524379	0.03557547	0.00045318	0.96397135
hasWonPrize	0.11984246	0.07401077	0.06325128	0.00081416	0.93593456
created	0.09114330	0.94279659	0.04242815	0.00416560	0.95340625
isLeaderOf	0.12558080	0.18742592	0.18949086	0.00417760	0.80633154
hasCapital	0.00641255	0.45638741	0.00000000	0.00017820	0.99982180
isKnownFor	0.00584025	0.69986532	0.01047763	0.00019744	0.98932492
playsFor	0.51049032	0.60995205	0.10686254	0.00892296	0.88421451
diedIn	0.11656604	0.58012214	0.07003539	0.00943067	0.92053394
