worksAt	0.06208919	0.51129751	0.02053706	0.00061001	0.97885293
actedIn	0.54009589	0.73971159	0.04362864	0.05895891	0.89741245
livesIn	0.16939314	0.12940224	0.06815616	0.00945734	0.92238650
isCitizenOf	0.17109435	0.27482311	0.03760486	0.04671724	0.91567790
isMarriedTo	0.05540812	0.96084953	0.02053728	0.00257546	0.97688726
isPoliticianOf	0.04615297	0.38300493	0.01614163	0.00000000	0.98385837
hasAcademicAdvisor	0.05268573	0.52662185	0.00982164	0.00762838	0.98254998
wasBornIn	0.48071225	0.36752358	0.22029039	0.08164652	0.69806309
participatedIn	0.02659332	0.71636012	0.00223669	0.00037463	0.99738868
holdsPoliticalPosition	0.03811034	0.85941059	0.01123406	0.00012303	0.98864292
influences	0.02301682	0.90552371	0.02806923	0.00625388	0.96567689
happenedIn	0.76381369	0.67368485	0.00000000	0.00000000	1.00000000
isLocatedIn	0.98037061	0.56138633	0.01219820	0.03468853	0.95311327
dealsWith	0.01111370	1.00000000	0.00000000	0.00000000	1.00000000
graduatedFrom	0.18211379	0.77332554	0.04429071	0.00373798	0.95197131
directed	0.09192101	0.91953500	0.01294189	0.00362050	0.98343761
hasChild	0.04023953	0.93230583	0.02241396	0.00046193	0.97712411
hasWonPrize	0.12115031	0.07310850	0.06177180	0.00063041	0.93759779
created	0.09166408	0.93301415	0.03223898	0.00417047	0.96359055
isLeaderOf	0.13928653	0.12318349	0.11920242	0.00540354	0.87539404
hasCapital	0.01805996	0.44072850	0.00000000	0.00107652	0.99892348
isKnownFor	0.00645688	0.60838384	0.00196735	0.00014976	0.99788290
playsFor	0.51204785	0.60990555	0.10501964	0.00894100	0.88603935
diedIn	0.11107260	0.51724690	0.03305895	0.00812621	0.95881484
