worksAt	0.04303235	0.71186130	0.16906577	0.00035637	0.83057787
actedIn	0.53509091	0.76091983	0.06827650	0.05655246	0.87517104
livesIn	0.13683169	0.25477972	0.34962791	0.00845559	0.64191650
isCitizenOf	0.16682758	0.31425722	0.15001965	0.04855430	0.80142605
isMarriedTo	0.05197156	0.96297315	0.07882475	0.00245110	0.91872415
isPoliticianOf	0.02560701	0.46133005	0.24336878	0.00000000	0.75663122
hasAcademicAdvisor	0.03049545	0.59835775	0.09491705	0.00448322	0.90059973
wasBornIn	0.48206731	0.39354261	0.21362588	0.08235312	0.70402100
participatedIn	0.02671216	0.73450081	0.00566692	0.00037254	0.99396054
holdsPoliticalPosition	0.03076417	0.87002756	0.05422577	0.00009852	0.94567570
influences	0.01940017	0.93102152	0.07554258	0.00522446	0.91923297
happenedIn	0.76381369	0.67368485	0.00000000	0.00000000	1.00000000
isLocatedIn	0.98016695	0.56189515	0.01206073	0.03428470	0.95365457
dealsWith	0.00635752	1.00000000	0.51577535	0.00000000	0.48422465
graduatedFrom	0.17289716	0.77714003	0.10258018	0.00348976	0.89393007
directed	0.05881558	0.93288720	0.09067034	0.00227851	0.90705115
hasChild	0.03945717	0.95802431	0.04171316	0.00048429	0.95780255
hasWonPrize	0.11912666	0.07409738	0.06534819	0.00080444	0.93384737
created	0.09096508	0.94382164	0.05353624	0.00420013	0.94226363
isLeaderOf	0.04575032	0.25486837	0.32245109	0.00222060	0.67532830
hasCapital	0.00644723	0.46103857	0.00000000	0.00017816	0.99982184
isKnownFor	0.00192534	0.78764310	0.13725754	0.00015056	0.86259190
playsFor	0.50236601	0.60985922	0.12245244	0.00860153	0.86894603
diedIn	0.11179477	0.55179568	0.07565153	0.00856724	0.91578123
