worksAt	0.06817093	0.56895349	0.04167500	0.00045229	0.95787271
actedIn	0.53273631	0.59599362	0.03435427	0.05559182	0.91005391
livesIn	0.14682626	0.08781792	0.03613458	0.01055694	0.95330848
isCitizenOf	0.17301752	0.22820831	0.03262226	0.04839789	0.91897985
isMarriedTo	0.06139373	0.94238379	0.01766487	0.00241624	0.97991889
isPoliticianOf	0.04635767	0.39090494	0.03294934	0.00000000	0.96705066
hasAcademicAdvisor	0.04882826	0.53024665	0.01558025	0.00703806	0.97738169
wasBornIn	0.48441481	0.18905696	0.09695782	0.07415320	0.82888898
participatedIn	0.02773349	0.65579726	0.00232207	0.00041061	0.99726733
holdsPoliticalPosition	0.03592799	0.86590591	0.01253638	0.00011278	0.98735084
influences	0.02506110	0.85138597	0.01785028	0.00674679	0.97540293
happenedIn	0.67445060	0.37837898	0.00000000	0.00000000	1.00000000
isLocatedIn	0.98227226	0.52700560	0.00242495	0.03315974	0.96441531
dealsWith	0.03483679	1.00000000	0.00000000	0.00000000	1.00000000
graduatedFrom	0.20277160	0.56271946	0.01175075	0.00239341	0.98585585
directed	0.10449774	0.89619485	0.00625819	0.00392277	0.98981904
hasChild	0.03932270	0.93121272	0.02582349	0.00049310	0.97368341
hasWonPrize	0.20429443	0.01153161	0.00000000	0.00000000	1.00000000
created	0.11039041	0.85400790	0.01492240	0.00435039	0.98072721
isLeaderOf	0.09143451	0.06426553	0.07724503	0.00286386	0.91989111
hasCapital	0.00409869	0.28264228	0.00000000	0.00010276	0.99989724
isKnownFor	0.00621382	0.57538721	0.00204850	0.00015117	0.99780033
playsFor	0.54983768	0.44918332	0.03592641	0.00575074	0.95832285
diedIn	0.09812021	0.44019155	0.02036654	0.00765763	0.97197583
