worksAt	0.06143713	0.55149065	0.09437630	0.00035816	0.90526554
actedIn	0.53134974	0.59753383	0.04616350	0.05652097	0.89731553
livesIn	0.13935984	0.09984574	0.07534213	0.01080056	0.91385731
isCitizenOf	0.17460036	0.22208793	0.03184067	0.04719247	0.92096685
isMarriedTo	0.06258181	0.94032679	0.02103256	0.00241660	0.97655083
isPoliticianOf	0.03604618	0.33347929	0.07733221	0.00000000	0.92266779
hasAcademicAdvisor	0.03828173	0.53216973	0.04261217	0.00556425	0.95182357
wasBornIn	0.48477044	0.18982446	0.09366505	0.07426330	0.83207165
participatedIn	0.02777634	0.65579726	0.00171935	0.00041129	0.99786936
holdsPoliticalPosition	0.03411279	0.86166407	0.02208075	0.00011128	0.97780797
influences	0.02260089	0.86867598	0.04842774	0.00596260	0.94560966
happenedIn	0.67445060	0.37837898	0.00000000	0.00000000	1.00000000
isLocatedIn	0.98226469	0.52703324	0.00242362	0.03313589	0.96444049
dealsWith	0.00994406	1.00000000	0.80196260	0.00000000	0.19803740
graduatedFrom	0.19799030	0.56218232	0.04048912	0.00232925	0.95718163
directed	0.09199069	0.89832007	0.02717287	0.00338121	0.96944592
hasChild	0.04328387	0.92207911	0.02672125	0.00053087	0.97274788
hasWonPrize	0.20429443	0.01153161	0.00000000	0.00000000	1.00000000
created	0.11079611	0.85315851	0.01380046	0.00433866	0.98186088
isLeaderOf	0.07816501	0.05947117	0.10292873	0.00433911	0.89273217
hasCapital	0.00413393	0.28729344	0.00000000	0.00010272	0.99989728
isKnownFor	0.00353136	0.72468013	0.11271272	0.00028512	0.88700217
playsFor	0.54674104	0.44918392	0.04132550	0.00568036	0.95299414
diedIn	0.09607079	0.42578767	0.01802717	0.00741749	0.97455534
