worksAt	0.06353069	0.45411147	0.01456814	0.00046217	0.98496969
actedIn	0.53466102	0.59009087	0.03153154	0.05593055	0.91253791
livesIn	0.14954702	0.07876116	0.01575516	0.01053371	0.97371113
isCitizenOf	0.17547612	0.22163013	0.02032841	0.04823204	0.93143954
isMarriedTo	0.06275601	0.93977695	0.01455107	0.00238110	0.98306783
isPoliticianOf	0.04403796	0.30651341	0.01381237	0.00000000	0.98618763
hasAcademicAdvisor	0.05293005	0.50326879	0.00741978	0.00739675	0.98518347
wasBornIn	0.48571326	0.18753318	0.09327635	0.07460174	0.83212190
participatedIn	0.02781842	0.65579726	0.00184508	0.00041188	0.99774304
holdsPoliticalPosition	0.03831919	0.85428676	0.01003140	0.00012529	0.98984331
influences	0.02629920	0.84753833	0.01133082	0.00702416	0.98164503
happenedIn	0.67445060	0.37837898	0.00000000	0.00000000	1.00000000
isLocatedIn	0.98228894	0.52699630	0.00242727	0.03319084	0.96438189
dealsWith	0.03486299	1.00000000	0.00000000	0.00000000	1.00000000
graduatedFrom	0.20395663	0.56187393	0.01062445	0.00242004	0.98695551
directed	0.10750898	0.89361380	0.00194182	0.00398720	0.99407097
hasChild	0.04287742	0.88997860	0.01467604	0.00051588	0.98480808
hasWonPrize	0.20429443	0.01153161	0.00000000	0.00000000	1.00000000
created	0.11077230	0.85327676	0.01317272	0.00433864	0.98248864
isLeaderOf	0.11972667	0.04597045	0.04563888	0.00400152	0.95035959
hasCapital	0.01358370	0.25556217	0.00000000	0.00007047	0.99992953
isKnownFor	0.00622874	0.56797980	0.00136375	0.00015607	0.99848019
playsFor	0.54999261	0.44918332	0.03576386	0.00575470	0.95848145
diedIn	0.09449255	0.41067249	0.00630937	0.00725058	0.98644005
