worksAt	0.06404472	0.46254934	0.01623120	0.00045802	0.98331078
actedIn	0.53545609	0.62465802	0.04053528	0.05629935	0.90316536
livesIn	0.15848337	0.09959009	0.03595837	0.00991037	0.95413126
isCitizenOf	0.16867944	0.25593511	0.02987144	0.04711339	0.92301517
isMarriedTo	0.06156166	0.94321962	0.01679603	0.00236445	0.98083953
isPoliticianOf	0.04868596	0.35654990	0.01734224	0.00000000	0.98265776
hasAcademicAdvisor	0.05300907	0.50486879	0.00741548	0.00738384	0.98520068
wasBornIn	0.48368776	0.25872535	0.15016911	0.08031469	0.76951620
participatedIn	0.02784759	0.66582217	0.00239943	0.00040515	0.99719541
holdsPoliticalPosition	0.03837976	0.85772992	0.01059294	0.00012526	0.98928180
influences	0.02539184	0.86554955	0.01785605	0.00676508	0.97537886
happenedIn	0.67445060	0.37837898	0.00000000	0.00000000	1.00000000
isLocatedIn	0.98138535	0.53406891	0.00183358	0.03290455	0.96526187
dealsWith	0.03486299	1.00000000	0.00000000	0.00000000	1.00000000
graduatedFrom	0.18023314	0.61492177	0.01842539	0.00247565	0.97909897
directed	0.10165387	0.90061674	0.00485174	0.00375953	0.99138873
hasChild	0.04167119	0.92081647	0.01983703	0.00048476	0.97967821
hasWonPrize	0.20821561	0.01318898	0.01060274	0.00000000	0.98939726
created	0.10507830	0.87650150	0.02007937	0.00431866	0.97560197
isLeaderOf	0.13257769	0.07520230	0.09246068	0.00333248	0.90420684
hasCapital	0.01358370	0.25556217	0.00000000	0.00007047	0.99992953
isKnownFor	0.00622874	0.56797980	0.00136375	0.00015607	0.99848019
playsFor	0.51685103	0.45364693	0.05992875	0.00504477	0.93502648
diedIn	0.10220677	0.45720962	0.01760061	0.00766205	0.97473734
