worksAt	0.06829269	0.58061540	0.04551008	0.00044472	0.95404521
actedIn	0.53377972	0.63559951	0.04317067	0.05594287	0.90088646
livesIn	0.14553771	0.13946773	0.09320505	0.00951800	0.89727695
isCitizenOf	0.16833754	0.27242247	0.05125446	0.04792895	0.90081660
isMarriedTo	0.05989294	0.94664991	0.02218956	0.00241800	0.97539244
isPoliticianOf	0.04865672	0.46607371	0.05853592	0.00000000	0.94146408
hasAcademicAdvisor	0.04890333	0.53184665	0.01555566	0.00702518	0.97741916
wasBornIn	0.48213612	0.26226507	0.15194504	0.08033023	0.76772473
participatedIn	0.02764996	0.66582217	0.00340061	0.00040388	0.99619551
holdsPoliticalPosition	0.03594736	0.86934907	0.01371767	0.00011261	0.98616972
influences	0.02404448	0.87744834	0.02776934	0.00646111	0.96576954
happenedIn	0.67445060	0.37837898	0.00000000	0.00000000	1.00000000
isLocatedIn	0.98137019	0.53411512	0.00183153	0.03287537	0.96529310
dealsWith	0.03483679	1.00000000	0.00000000	0.00000000	1.00000000
graduatedFrom	0.17639829	0.62102262	0.03182836	0.00240494	0.96576671
directed	0.09442360	0.90506668	0.01640706	0.00350628	0.98008666
hasChild	0.03818814	0.95274500	0.02953678	0.00046811	0.96999512
hasWonPrize	0.20821561	0.01318898	0.01060274	0.00000000	0.98939726
created	0.10421260	0.87878877	0.02333782	0.00426805	0.97239414
isLeaderOf	0.10883649	0.10405174	0.11184901	0.00338537	0.88476562
hasCapital	0.00409869	0.28264228	0.00000000	0.00010276	0.99989724
isKnownFor	0.00621382	0.57538721	0.00204850	0.00015117	0.99780033
playsFor	0.51538149	0.45373994	0.06150327	0.00506997	0.93342676
diedIn	0.10733224	0.50163606	0.03822638	0.00849477	0.95327884
