worksAt	0.05679673	0.57579075	0.13573399	0.00031545	0.86395056
actedIn	0.52919804	0.63790429	0.05824443	0.05513709	0.88661849
livesIn	0.13006353	0.15633444	0.19635572	0.00952019	0.79412409
isCitizenOf	0.16773161	0.27002725	0.07372855	0.04703671	0.87923474
isMarriedTo	0.06117202	0.94462483	0.02500031	0.00238590	0.97261379
isPoliticianOf	0.03079763	0.39568509	0.14430293	0.00000000	0.85569707
hasAcademicAdvisor	0.03775461	0.54158511	0.05929169	0.00540215	0.93530616
wasBornIn	0.48267719	0.27407478	0.14866081	0.08040740	0.77093179
participatedIn	0.02772705	0.66582217	0.00282334	0.00040455	0.99677211
holdsPoliticalPosition	0.03332228	0.86592356	0.03253346	0.00010824	0.96735830
influences	0.02194965	0.89418538	0.05537406	0.00587172	0.93875422
happenedIn	0.67445060	0.37837898	0.00000000	0.00000000	1.00000000
isLocatedIn	0.98128984	0.53419852	0.00182317	0.03272576	0.96545106
dealsWith	0.00993041	1.00000000	0.80267249	0.00000000	0.19732751
graduatedFrom	0.17274537	0.61683833	0.06197141	0.00237718	0.93565141
directed	0.07235662	0.90857654	0.05134307	0.00258011	0.94607682
hasChild	0.04217084	0.94353777	0.03132096	0.00050497	0.96817407
hasWonPrize	0.20821561	0.01318898	0.01060274	0.00000000	0.98939726
created	0.10461976	0.87674447	0.02238930	0.00428066	0.97333004
isLeaderOf	0.08209834	0.08452271	0.15970479	0.00327062	0.83702460
hasCapital	0.00413393	0.28729344	0.00000000	0.00010272	0.99989728
isKnownFor	0.00301843	0.78764310	0.12919089	0.00023661	0.87057251
playsFor	0.51249372	0.45360120	0.06938864	0.00495803	0.92565333
diedIn	0.10333181	0.47600406	0.03700745	0.00772879	0.95526376
