worksAt	0.06443604	0.46805089	0.01665659	0.00045627	0.98288714
actedIn	0.53217348	0.64084188	0.04396528	0.05428868	0.90174604
livesIn	0.16496896	0.12388280	0.06310073	0.00911297	0.92778630
isCitizenOf	0.16826677	0.26393970	0.03590566	0.04643734	0.91765700
isMarriedTo	0.05933410	0.94677241	0.01913025	0.00230449	0.97856526
isPoliticianOf	0.04992125	0.36607371	0.01852568	0.00000000	0.98147432
hasAcademicAdvisor	0.05300907	0.50486879	0.00741548	0.00738384	0.98520068
wasBornIn	0.47741615	0.31759128	0.19269245	0.08282437	0.72448318
participatedIn	0.02784759	0.66582217	0.00239943	0.00040515	0.99719541
holdsPoliticalPosition	0.03810429	0.85857026	0.01116680	0.00012308	0.98871012
influences	0.02350025	0.87273498	0.02530761	0.00627658	0.96841581
happenedIn	0.67445060	0.37837898	0.00000000	0.00000000	1.00000000
isLocatedIn	0.98119917	0.54933594	0.00090457	0.03478942	0.96430601
dealsWith	0.03486299	1.00000000	0.00000000	0.00000000	1.00000000
graduatedFrom	0.17863092	0.61882782	0.02250557	0.00243290	0.97506152
directed	0.09256129	0.90595925	0.01012610	0.00354699	0.98632691
hasChild	0.04090625	0.92223086	0.02110521	0.00047494	0.97841985
hasWonPrize	0.21274552	0.01858455	0.04062629	0.00000000	0.95937371
created	0.10290887	0.89017261	0.02539435	0.00431975	0.97028591
isLeaderOf	0.13767059	0.08663139	0.09787738	0.00475172	0.89737090
hasCapital	0.01358370	0.25556217	0.00000000	0.00007047	0.99992953
isKnownFor	0.00626339	0.57538721	0.00169565	0.00015456	0.99814979
playsFor	0.51162335	0.45441982	0.06506852	0.00493209	0.92999939
diedIn	0.10967007	0.50358165	0.02763201	0.00812485	0.96424314
