worksAt	0.05427952	0.60139813	0.14938218	0.00033641	0.85028141
actedIn	0.52643096	0.65548576	0.06462390	0.05303710	0.88233900
livesIn	0.13260732	0.20558675	0.28376013	0.00901892	0.70722095
isCitizenOf	0.16456507	0.28365177	0.10929855	0.04648742	0.84421403
isMarriedTo	0.05889899	0.94821997	0.02844003	0.00232208	0.96923790
isPoliticianOf	0.02969934	0.43194673	0.18888388	0.00000000	0.81111612
hasAcademicAdvisor	0.03739002	0.54312358	0.06272111	0.00549825	0.93178064
wasBornIn	0.47885033	0.33930884	0.18673963	0.08309528	0.73016509
participatedIn	0.02772262	0.66582217	0.00294649	0.00040455	0.99664896
holdsPoliticalPosition	0.03150682	0.86676389	0.04729062	0.00010127	0.95260812
influences	0.02057291	0.90083833	0.06406381	0.00550848	0.93042771
happenedIn	0.67445060	0.37837898	0.00000000	0.00000000	1.00000000
isLocatedIn	0.98101602	0.54964565	0.00089561	0.03443803	0.96466636
dealsWith	0.00992416	1.00000000	0.80278387	0.00000000	0.19721613
graduatedFrom	0.17131751	0.62112763	0.06654574	0.00233747	0.93111678
directed	0.06579766	0.91523436	0.05429371	0.00246052	0.94324577
hasChild	0.04118900	0.94531906	0.03585473	0.00049180	0.96365347
hasWonPrize	0.21359145	0.01902556	0.04312237	0.00000000	0.95687763
created	0.10248765	0.89117890	0.02817457	0.00429465	0.96753078
isLeaderOf	0.05826663	0.11619934	0.21338378	0.00337640	0.78323983
hasCapital	0.00413393	0.28729344	0.00000000	0.00010272	0.99989728
isKnownFor	0.00254817	0.78764310	0.13731206	0.00019867	0.86248927
playsFor	0.50713314	0.45435109	0.07659069	0.00484566	0.91856365
diedIn	0.11115431	0.53388211	0.05994807	0.00843560	0.93161633
