worksAt	0.06847172	0.58876434	0.04722070	0.00044060	0.95233870
actedIn	0.52958318	0.65229530	0.04799849	0.05454394	0.89745756
livesIn	0.15519923	0.17795102	0.12920058	0.00896563	0.86183379
isCitizenOf	0.16775216	0.28388038	0.06092165	0.04718928	0.89188907
isMarriedTo	0.05770069	0.94964638	0.02507490	0.00235473	0.97257037
isPoliticianOf	0.05050503	0.48249407	0.06050356	0.00000000	0.93949644
hasAcademicAdvisor	0.04894278	0.53338511	0.01601306	0.00701673	0.97697021
wasBornIn	0.47620749	0.32160770	0.19447048	0.08296251	0.72256702
participatedIn	0.02764996	0.66582217	0.00340061	0.00040388	0.99619551
holdsPoliticalPosition	0.03545046	0.87018941	0.01560099	0.00010899	0.98429002
influences	0.02169007	0.88581099	0.03844268	0.00585202	0.95570531
happenedIn	0.67445060	0.37837898	0.00000000	0.00000000	1.00000000
isLocatedIn	0.98119327	0.54940056	0.00090360	0.03477490	0.96432150
dealsWith	0.03483679	1.00000000	0.00000000	0.00000000	1.00000000
graduatedFrom	0.17462300	0.62531219	0.03629087	0.00236113	0.96134799
directed	0.08525823	0.91233692	0.02321629	0.00324990	0.97353381
hasChild	0.03682207	0.95652561	0.03180793	0.00044927	0.96774279
hasWonPrize	0.21336074	0.01902556	0.04307381	0.00000000	0.95692619
created	0.10198694	0.89222344	0.02941730	0.00428113	0.96630157
isLeaderOf	0.11613597	0.12032989	0.12142777	0.00380061	0.87477163
hasCapital	0.00409869	0.28264228	0.00000000	0.00010276	0.99989724
isKnownFor	0.00575589	0.68168350	0.01010387	0.00020351	0.98969262
playsFor	0.50982810	0.45453642	0.06740309	0.00494893	0.92764799
diedIn	0.11520398	0.56099042	0.05929086	0.00922872	0.93148041
