worksAt	0.06825548	0.60875380	0.05115904	0.00042373	0.94841723
actedIn	0.53056931	0.66284872	0.05249406	0.05475003	0.89275592
livesIn	0.16733168	0.21197218	0.18363096	0.00897306	0.80739599
isCitizenOf	0.16936651	0.29173284	0.07075919	0.04713613	0.88210468
isMarriedTo	0.05682733	0.95245230	0.03247866	0.00234747	0.96517388
isPoliticianOf	0.05050503	0.48249407	0.06050356	0.00000000	0.93949644
hasAcademicAdvisor	0.04894174	0.53989862	0.01707100	0.00695630	0.97597271
wasBornIn	0.48019297	0.37576544	0.22235207	0.08148409	0.69616385
participatedIn	0.02764996	0.66582217	0.00340061	0.00040388	0.99619551
holdsPoliticalPosition	0.03545017	0.87102974	0.01589983	0.00010891	0.98399126
influences	0.02130144	0.89240174	0.04411473	0.00578996	0.95009530
happenedIn	0.67445060	0.37837898	0.00000000	0.00000000	1.00000000
isLocatedIn	0.98077447	0.55057744	0.01272162	0.03523862	0.95203976
dealsWith	0.03483679	1.00000000	0.00000000	0.00000000	1.00000000
graduatedFrom	0.17554649	0.74531683	0.06591517	0.00362575	0.93045908
directed	0.08427335	0.91330662	0.02486636	0.00320340	0.97193024
hasChild	0.03658937	0.95894941	0.03564513	0.00044510	0.96390977
hasWonPrize	0.11984246	0.07401077	0.06325128	0.00081416	0.93593456
created	0.09756208	0.90524457	0.05161358	0.00413933	0.94424709
isLeaderOf	0.12694364	0.17959152	0.20051839	0.00342854	0.79605308
hasCapital	0.00409869	0.28264228	0.00000000	0.00010276	0.99989724
isKnownFor	0.00574863	0.68168350	0.01062417	0.00020322	0.98917262
playsFor	0.49350901	0.48236239	0.11323541	0.00480341	0.88196117
diedIn	0.11643464	0.57883414	0.07014077	0.00942015	0.92043908
