worksAt	0.04985217	0.64875219	0.19228376	0.00028614	0.80743010
actedIn	0.52592439	0.66757269	0.06915204	0.05285341	0.87799456
livesIn	0.13722610	0.25189566	0.35057874	0.00833940	0.64108186
isCitizenOf	0.16521040	0.30620319	0.15180258	0.04843590	0.79976152
isMarriedTo	0.05827706	0.94984707	0.03596199	0.00229151	0.96174650
isPoliticianOf	0.02656057	0.44916074	0.25812104	0.00000000	0.74187896
hasAcademicAdvisor	0.03441685	0.55785382	0.09733262	0.00493511	0.89773226
wasBornIn	0.48202428	0.39197305	0.21415066	0.08231684	0.70353249
participatedIn	0.02771760	0.66582217	0.00294565	0.00040455	0.99664981
holdsPoliticalPosition	0.03108560	0.86833252	0.05333924	0.00009995	0.94656081
influences	0.02004378	0.90954794	0.07742069	0.00538781	0.91719151
happenedIn	0.67445060	0.37837898	0.00000000	0.00000000	1.00000000
isLocatedIn	0.98055652	0.55102985	0.01255787	0.03480396	0.95263817
dealsWith	0.00992369	1.00000000	0.80281249	0.00000000	0.19718751
graduatedFrom	0.17196702	0.74144794	0.09944519	0.00350165	0.89705316
directed	0.06248608	0.91867489	0.08086923	0.00235851	0.91677226
hasChild	0.04080207	0.94772650	0.04137510	0.00048578	0.95813912
hasWonPrize	0.11958977	0.07409738	0.06525292	0.00081084	0.93393623
created	0.09720212	0.90400490	0.06297585	0.00411527	0.93290888
isLeaderOf	0.04618994	0.23280611	0.32557397	0.00229755	0.67212848
hasCapital	0.00413393	0.28729344	0.00000000	0.00010272	0.99989728
isKnownFor	0.00233703	0.78764310	0.14565049	0.00018212	0.85416739
playsFor	0.48625014	0.48215297	0.12696160	0.00462189	0.86841651
diedIn	0.11184518	0.55008663	0.07335930	0.00857832	0.91806239
