worksAt	0.06453095	0.48609156	0.01918904	0.00043875	0.98037220
actedIn	0.53264307	0.64664498	0.04452507	0.05479505	0.90067988
livesIn	0.16848538	0.12835444	0.06785220	0.00923943	0.92290838
isCitizenOf	0.16929994	0.26730908	0.03829366	0.04660115	0.91510519
isMarriedTo	0.05902332	0.94844802	0.02185510	0.00228649	0.97585841
isPoliticianOf	0.04992125	0.36607371	0.01852568	0.00000000	0.98147432
hasAcademicAdvisor	0.05326799	0.50971562	0.00753945	0.00736166	0.98509889
wasBornIn	0.48067542	0.36637584	0.22052904	0.08151331	0.69795765
participatedIn	0.02784759	0.66582217	0.00239943	0.00040515	0.99719541
holdsPoliticalPosition	0.03811034	0.85941059	0.01123406	0.00012303	0.98864292
influences	0.02324121	0.87641705	0.02893404	0.00627730	0.96478866
happenedIn	0.67445060	0.37837898	0.00000000	0.00000000	1.00000000
isLocatedIn	0.98081785	0.55042860	0.01274933	0.03534319	0.95190748
dealsWith	0.03486299	1.00000000	0.00000000	0.00000000	1.00000000
graduatedFrom	0.18008527	0.73706288	0.04723980	0.00375490	0.94900530
directed	0.09217286	0.90644468	0.01062788	0.00352572	0.98584641
hasChild	0.04075425	0.92223086	0.02270992	0.00047290	0.97681717
hasWonPrize	0.12115031	0.07310850	0.06177180	0.00063041	0.93759779
created	0.09934959	0.90143355	0.03883129	0.00420035	0.95696836
isLeaderOf	0.14247769	0.11466881	0.13199521	0.00383744	0.86416735
hasCapital	0.01358370	0.25556217	0.00000000	0.00007047	0.99992953
isKnownFor	0.00633658	0.58279461	0.00177263	0.00015426	0.99807311
playsFor	0.49539679	0.48222241	0.11108674	0.00479397	0.88411929
diedIn	0.11086680	0.51579449	0.03310217	0.00813220	0.95876563
