worksAt	0.05872565	0.29375350	0.02085311	0.00040792	0.97873897
actedIn	0.54195590	0.49186299	0.03953567	0.05326887	0.90719546
livesIn	0.15340577	0.07099035	0.02949139	0.00927126	0.96123736
isCitizenOf	0.17909114	0.18177214	0.04147245	0.04998607	0.90854148
isMarriedTo	0.07592196	0.89431976	0.02016419	0.00232156	0.97751425
isPoliticianOf	0.04284678	0.21912060	0.01351677	0.00000000	0.98648323
hasAcademicAdvisor	0.05753780	0.33620195	0.00032154	0.00414237	0.99553609
wasBornIn	0.48048933	0.17372183	0.09466785	0.07377839	0.83155375
participatedIn	0.02807664	0.62755941	0.00156036	0.00043993	0.99799972
holdsPoliticalPosition	0.03896803	0.79247895	0.00971524	0.00013169	0.99015307
influences	0.02859375	0.76591398	0.01746797	0.00705846	0.97547357
happenedIn	0.65312207	0.13850486	0.00000000	0.00000000	1.00000000
isLocatedIn	0.97989319	0.42864252	0.00051020	0.03064716	0.96884263
dealsWith	0.05367177	0.92703593	0.00000000	0.00000000	1.00000000
graduatedFrom	0.17775129	0.32862842	0.00902300	0.00173771	0.98923929
directed	0.06293320	0.26455352	0.02480276	0.00176512	0.97343212
hasChild	0.04486002	0.90874433	0.02819262	0.00055742	0.97124996
hasWonPrize	0.20475305	0.01142488	0.00000000	0.00000000	1.00000000
created	0.11794417	0.74272851	0.01152021	0.00437118	0.98410861
isLeaderOf	0.10780374	0.06075974	0.08027784	0.00319439	0.91652778
hasCapital	0.00371944	0.25103028	0.00000000	0.00010419	0.99989581
isKnownFor	0.00785373	0.51353535	0.00150971	0.00019484	0.99829545
playsFor	0.52493387	0.30511145	0.04371953	0.00352231	0.95275816
diedIn	0.09497327	0.41778072	0.02006112	0.00701778	0.97292109
