worksAt	0.05995530	0.26072472	0.01094403	0.00050748	0.98854849
actedIn	0.54561442	0.48510302	0.03393503	0.05341468	0.91265029
livesIn	0.15398159	0.06495775	0.00958733	0.00912576	0.98128691
isCitizenOf	0.18247758	0.17342661	0.02463572	0.04996156	0.92540272
isMarriedTo	0.07697574	0.89372108	0.01812511	0.00235698	0.97951791
isPoliticianOf	0.04264243	0.20695129	0.00368369	0.00000000	0.99631631
hasAcademicAdvisor	0.05753780	0.33620195	0.00032154	0.00414237	0.99553609
wasBornIn	0.48179590	0.17261216	0.09206916	0.07407146	0.83385938
participatedIn	0.02809502	0.62755941	0.00118121	0.00044137	0.99837741
holdsPoliticalPosition	0.04227598	0.78085344	0.00655093	0.00015102	0.99329805
influences	0.03025112	0.76358162	0.01012195	0.00731036	0.98256769
happenedIn	0.65312207	0.13850486	0.00000000	0.00000000	1.00000000
isLocatedIn	0.97992413	0.42863322	0.00051020	0.03069801	0.96879179
dealsWith	0.05225963	0.90256040	0.00000000	0.00000000	1.00000000
graduatedFrom	0.17794819	0.32788170	0.00735000	0.00174521	0.99090479
directed	0.06341831	0.24793577	0.01060545	0.00169944	0.98769511
hasChild	0.04754489	0.85163067	0.01489603	0.00057514	0.98452883
hasWonPrize	0.20475305	0.01142488	0.00000000	0.00000000	1.00000000
created	0.11809712	0.74221961	0.01079177	0.00435772	0.98485051
isLeaderOf	0.12362717	0.04528785	0.04593121	0.00439981	0.94966898
hasCapital	0.05881461	0.22395018	0.00000000	0.00007129	0.99992871
isKnownFor	0.00784594	0.50612795	0.00120079	0.00020377	0.99859544
playsFor	0.52514560	0.30508785	0.04351382	0.00352566	0.95296052
diedIn	0.09072207	0.38606614	0.00555634	0.00660546	0.98783820
