worksAt	0.05752471	0.29843189	0.04440407	0.00040636	0.95518958
actedIn	0.54365805	0.48625448	0.04469140	0.05378229	0.90152630
livesIn	0.14557313	0.07905170	0.04797930	0.00836090	0.94365980
isCitizenOf	0.18158120	0.17434852	0.03911694	0.04865697	0.91222609
isMarriedTo	0.07644728	0.89351906	0.02288963	0.00239722	0.97471315
isPoliticianOf	0.03152142	0.23896187	0.07964650	0.00000000	0.92035350
hasAcademicAdvisor	0.05726074	0.34083052	0.00826714	0.00405183	0.98768102
wasBornIn	0.48116676	0.17493194	0.09106402	0.07369009	0.83524589
participatedIn	0.02811009	0.62755941	0.00091443	0.00044071	0.99864486
holdsPoliticalPosition	0.03662263	0.78812199	0.02091781	0.00012965	0.97895254
influences	0.02722577	0.78884063	0.03726297	0.00675584	0.95598119
happenedIn	0.65312207	0.13850486	0.00000000	0.00000000	1.00000000
isLocatedIn	0.97986447	0.42868869	0.00050891	0.03059528	0.96889581
dealsWith	0.01365128	0.96003256	0.82464988	0.00000000	0.17535012
graduatedFrom	0.17119062	0.32779476	0.04080940	0.00166567	0.95752492
directed	0.05339693	0.29344250	0.07267053	0.00144679	0.92588268
hasChild	0.04845343	0.87385636	0.02633768	0.00060333	0.97305899
hasWonPrize	0.20475305	0.01142488	0.00000000	0.00000000	1.00000000
created	0.11815518	0.74238802	0.01077487	0.00437889	0.98484624
isLeaderOf	0.09725361	0.05508946	0.10657365	0.00595898	0.88746737
hasCapital	0.00375468	0.25568145	0.00000000	0.00010414	0.99989586
isKnownFor	0.00778263	0.59942761	0.01696117	0.00043849	0.98260034
playsFor	0.52147489	0.30508880	0.04938977	0.00347216	0.94713806
diedIn	0.09221427	0.39844697	0.01468185	0.00686091	0.97845724
