worksAt	0.05255981	0.31236791	0.08622564	0.00035179	0.91342258
actedIn	0.54132036	0.53643963	0.06613080	0.05345659	0.88041261
livesIn	0.13566307	0.12560829	0.19995115	0.00800433	0.79204453
isCitizenOf	0.17421265	0.21186255	0.05803199	0.04749462	0.89447339
isMarriedTo	0.07336518	0.90268811	0.02570712	0.00237135	0.97192153
isPoliticianOf	0.02860650	0.29931582	0.15434147	0.00000000	0.84565853
hasAcademicAdvisor	0.05727962	0.34243052	0.00885077	0.00404432	0.98710492
wasBornIn	0.48045934	0.24697832	0.14649603	0.07867711	0.77482687
participatedIn	0.02803814	0.63758431	0.00211501	0.00043256	0.99745243
holdsPoliticalPosition	0.03578275	0.79495557	0.03323594	0.00012547	0.96663858
influences	0.02676441	0.79941446	0.04348204	0.00667032	0.94984764
happenedIn	0.65312207	0.13850486	0.00000000	0.00000000	1.00000000
isLocatedIn	0.97864208	0.43904747	0.00047059	0.02998185	0.96954756
dealsWith	0.01358400	0.96003256	0.82583909	0.00000000	0.17416091
graduatedFrom	0.14132322	0.37401225	0.06490331	0.00145768	0.93363901
directed	0.04378783	0.34193987	0.10233636	0.00126089	0.89640275
hasChild	0.04811359	0.91032032	0.03099964	0.00057498	0.96842538
hasWonPrize	0.20861207	0.01308225	0.01069614	0.00000000	0.98930386
created	0.11022338	0.77627624	0.02000059	0.00421555	0.97578386
isLeaderOf	0.10346559	0.07445184	0.12064783	0.00503524	0.87431693
hasCapital	0.00375468	0.25568145	0.00000000	0.00010414	0.99989586
isKnownFor	0.00548018	0.65835017	0.10535742	0.00052174	0.89412085
playsFor	0.47834289	0.31278375	0.07897211	0.00292374	0.91810415
diedIn	0.10000124	0.44943918	0.03335149	0.00721958	0.95942893
