worksAt	0.05859385	0.29969354	0.02324354	0.00039774	0.97635873
actedIn	0.54402046	0.54062084	0.05126115	0.05394596	0.89479289
livesIn	0.15145163	0.11488362	0.09314570	0.00838493	0.89846937
isCitizenOf	0.17177683	0.22192836	0.06119540	0.04835936	0.89044524
isMarriedTo	0.07268647	0.90405558	0.02460555	0.00231682	0.97307763
isPoliticianOf	0.04941513	0.29984492	0.04792111	0.00000000	0.95207889
hasAcademicAdvisor	0.05762039	0.33780195	0.00058401	0.00413746	0.99527853
wasBornIn	0.47931556	0.23381800	0.15013938	0.07839653	0.77146409
participatedIn	0.02795703	0.63758431	0.00273286	0.00043179	0.99683535
holdsPoliticalPosition	0.03900934	0.79506741	0.01055633	0.00013146	0.98931220
influences	0.02839784	0.78412089	0.02327720	0.00697322	0.96974958
happenedIn	0.65312207	0.13850486	0.00000000	0.00000000	1.00000000
isLocatedIn	0.97876642	0.43891335	0.00047393	0.03016514	0.96936093
dealsWith	0.05367177	0.92703593	0.00000000	0.00000000	1.00000000
graduatedFrom	0.14636081	0.38397361	0.03760188	0.00146479	0.96093333
directed	0.07052051	0.31513598	0.04218356	0.00168216	0.95613428
hasChild	0.04371664	0.93881067	0.03198445	0.00052570	0.96748986
hasWonPrize	0.20861207	0.01308225	0.01069614	0.00000000	0.98930386
created	0.10972800	0.77908234	0.02226850	0.00418115	0.97355034
isLeaderOf	0.11944138	0.10054596	0.12098551	0.00390075	0.87511373
hasCapital	0.00371944	0.25103028	0.00000000	0.00010419	0.99989581
isKnownFor	0.00785373	0.51353535	0.00150971	0.00019484	0.99829545
playsFor	0.47916195	0.31315724	0.07581778	0.00300015	0.92118207
diedIn	0.10516264	0.48341521	0.03871677	0.00793515	0.95334808
