worksAt	0.05971210	0.26370551	0.01219804	0.00049321	0.98730875
actedIn	0.54736789	0.52984444	0.04672138	0.05404159	0.89923703
livesIn	0.16126716	0.08199908	0.03278054	0.00865679	0.95856267
isCitizenOf	0.17169291	0.20348969	0.03366426	0.04741520	0.91892054
isMarriedTo	0.07387789	0.90287970	0.02080402	0.00233515	0.97686083
isPoliticianOf	0.05080912	0.25698778	0.00791897	0.00000000	0.99208103
hasAcademicAdvisor	0.05762039	0.33780195	0.00058401	0.00413746	0.99527853
wasBornIn	0.48102180	0.23033481	0.14849227	0.07825723	0.77325050
participatedIn	0.02810680	0.63758431	0.00179306	0.00043324	0.99777370
holdsPoliticalPosition	0.04237364	0.78344190	0.00668625	0.00015098	0.99316277
influences	0.03013050	0.77384073	0.01280665	0.00719722	0.97999614
happenedIn	0.65312207	0.13850486	0.00000000	0.00000000	1.00000000
isLocatedIn	0.97879463	0.43886255	0.00047393	0.03020979	0.96931628
dealsWith	0.05225963	0.90256040	0.00000000	0.00000000	1.00000000
graduatedFrom	0.14887761	0.37238380	0.01944013	0.00150831	0.97905156
directed	0.07023329	0.28031827	0.01303665	0.00167864	0.98528471
hasChild	0.04658983	0.89900779	0.02096761	0.00053459	0.97849779
hasWonPrize	0.20861207	0.01308225	0.01069614	0.00000000	0.98930386
created	0.11075998	0.77523145	0.01858531	0.00420847	0.97720622
isLeaderOf	0.13586213	0.07451970	0.09466964	0.00355623	0.90177413
hasCapital	0.05881461	0.22395018	0.00000000	0.00007129	0.99992871
isKnownFor	0.00784594	0.50612795	0.00120079	0.00020377	0.99859544
playsFor	0.48130974	0.31292270	0.07365523	0.00295734	0.92338743
diedIn	0.09924848	0.43575541	0.01746558	0.00707110	0.97546332
