worksAt	0.05934558	0.30926406	0.02667497	0.00038870	0.97293633
actedIn	0.54512062	0.55535752	0.05231317	0.05269786	0.89498897
livesIn	0.16372590	0.14903634	0.13274826	0.00765305	0.85959869
isCitizenOf	0.17105127	0.23263843	0.07076847	0.04763183	0.88159970
isMarriedTo	0.06805757	0.91081095	0.02875757	0.00232367	0.96891876
isPoliticianOf	0.05018065	0.31016238	0.04644635	0.00000000	0.95355365
hasAcademicAdvisor	0.05762039	0.33780195	0.00058401	0.00413746	0.99527853
wasBornIn	0.47412388	0.29308704	0.19384601	0.08149256	0.72466143
participatedIn	0.02795703	0.63758431	0.00273286	0.00043179	0.99683535
holdsPoliticalPosition	0.03835941	0.79761715	0.01308279	0.00012594	0.98679126
influences	0.02474736	0.81390649	0.03980067	0.00622556	0.95397377
happenedIn	0.65312207	0.13850486	0.00000000	0.00000000	1.00000000
isLocatedIn	0.97862142	0.45609959	0.00000000	0.03255028	0.96744972
dealsWith	0.05367177	0.92703593	0.00000000	0.00000000	1.00000000
graduatedFrom	0.14551862	0.38756704	0.04257057	0.00148102	0.95594842
directed	0.07437098	0.34434427	0.05429913	0.00185532	0.94384554
hasChild	0.04131063	0.94385843	0.03496311	0.00049293	0.96454396
hasWonPrize	0.21363845	0.01891884	0.04343363	0.00000000	0.95656637
created	0.10656218	0.80237517	0.02932625	0.00417253	0.96650123
isLeaderOf	0.12179094	0.11052149	0.12282424	0.00440857	0.87276719
hasCapital	0.00371944	0.25103028	0.00000000	0.00010419	0.99989581
isKnownFor	0.00785373	0.51353535	0.00150971	0.00019484	0.99829545
playsFor	0.47186160	0.31465470	0.08310042	0.00289710	0.91400248
diedIn	0.11325245	0.54169899	0.05764589	0.00861555	0.93373856
