worksAt	0.05031035	0.34941545	0.11472661	0.00038062	0.88489277
actedIn	0.54198196	0.55063440	0.06728984	0.05273907	0.87997109
livesIn	0.13730598	0.16938328	0.30105037	0.00696397	0.69198566
isCitizenOf	0.17044152	0.22402443	0.10199043	0.04700527	0.85100431
isMarriedTo	0.06886567	0.91032326	0.02928653	0.00235745	0.96835602
isPoliticianOf	0.02687848	0.32471264	0.19946597	0.00000000	0.80053403
hasAcademicAdvisor	0.05727962	0.34243052	0.00909557	0.00404432	0.98686012
wasBornIn	0.47759560	0.31320214	0.18589691	0.08167511	0.73242798
participatedIn	0.02803567	0.63758431	0.00211484	0.00043256	0.99745260
holdsPoliticalPosition	0.03376583	0.79659458	0.04953104	0.00011675	0.95035221
influences	0.02460146	0.82369123	0.05904365	0.00608861	0.93486775
happenedIn	0.65312207	0.13850486	0.00000000	0.00000000	1.00000000
isLocatedIn	0.97837870	0.45649264	0.00000000	0.03216494	0.96783506
dealsWith	0.01356709	0.96003256	0.82605202	0.00000000	0.17394798
graduatedFrom	0.14050878	0.37731985	0.07060768	0.00147458	0.92791774
directed	0.04388548	0.36446770	0.10862518	0.00124005	0.89013478
hasChild	0.04678424	0.91450623	0.03543619	0.00055540	0.96400841
hasWonPrize	0.21433831	0.01891884	0.04358138	0.00000000	0.95641862
created	0.10703332	0.79950639	0.02658551	0.00418892	0.96922557
isLeaderOf	0.07291001	0.10169367	0.20926141	0.00448909	0.78624950
hasCapital	0.00375468	0.25568145	0.00000000	0.00010414	0.99989586
isKnownFor	0.00504871	0.68057239	0.11775653	0.00046988	0.88177359
playsFor	0.47241639	0.31407189	0.08510477	0.00284686	0.91204837
diedIn	0.10843029	0.50845145	0.05524125	0.00794187	0.93681688
