worksAt	0.06028678	0.26916685	0.01301390	0.00048997	0.98649613
actedIn	0.54799901	0.54400764	0.04733359	0.05327693	0.89938947
livesIn	0.16905641	0.10430065	0.06085593	0.00770855	0.93143552
isCitizenOf	0.17132212	0.21111009	0.03961373	0.04650771	0.91387856
isMarriedTo	0.06933936	0.90905492	0.02383811	0.00232892	0.97383297
isPoliticianOf	0.05163213	0.26730524	0.00791897	0.00000000	0.99208103
hasAcademicAdvisor	0.05762039	0.33780195	0.00058401	0.00413746	0.99527853
wasBornIn	0.47532806	0.28910697	0.19237640	0.08141694	0.72620666
participatedIn	0.02810680	0.63758431	0.00179306	0.00043324	0.99777370
holdsPoliticalPosition	0.04201179	0.78513694	0.00750854	0.00014749	0.99234396
influences	0.02731215	0.79872589	0.02390713	0.00663339	0.96945948
happenedIn	0.65312207	0.13850486	0.00000000	0.00000000	1.00000000
isLocatedIn	0.97863735	0.45602119	0.00000000	0.03257981	0.96742019
dealsWith	0.05225963	0.90256040	0.00000000	0.00000000	1.00000000
graduatedFrom	0.14815624	0.37559317	0.02391864	0.00152839	0.97455297
directed	0.07167566	0.28926640	0.01730315	0.00166738	0.98102947
hasChild	0.04543992	0.90282396	0.02261548	0.00051877	0.97686575
hasWonPrize	0.21302323	0.01847782	0.04098612	0.00000000	0.95901388
created	0.10768865	0.79833557	0.02432831	0.00417477	0.97149692
isLeaderOf	0.13865426	0.08373478	0.09816006	0.00497282	0.89686712
hasCapital	0.05881461	0.22395018	0.00000000	0.00007129	0.99992871
isKnownFor	0.00784594	0.50612795	0.00120079	0.00020377	0.99859544
playsFor	0.47423178	0.31437297	0.08037814	0.00286013	0.91676173
diedIn	0.10693689	0.48211485	0.02709988	0.00755319	0.96534693
