worksAt	0.06033608	0.33759761	0.03381122	0.00046497	0.96572381
actedIn	0.54556174	0.55814836	0.05213767	0.05362907	0.89423326
livesIn	0.17731367	0.17933633	0.19071357	0.00796763	0.80131880
isCitizenOf	0.17201947	0.23725666	0.07780499	0.04752044	0.87467457
isMarriedTo	0.06774542	0.91440065	0.03084618	0.00230333	0.96685049
isPoliticianOf	0.05018065	0.31016238	0.04644635	0.00000000	0.95355365
hasAcademicAdvisor	0.05740497	0.34734402	0.00408690	0.00407396	0.99183913
wasBornIn	0.47908693	0.34505024	0.22130996	0.07987050	0.69881954
participatedIn	0.02795703	0.63758431	0.00273286	0.00043179	0.99683535
holdsPoliticalPosition	0.03839328	0.79924180	0.01348022	0.00012581	0.98639397
influences	0.02441123	0.82125961	0.04324600	0.00625541	0.95049859
happenedIn	0.65312207	0.13850486	0.00000000	0.00000000	1.00000000
isLocatedIn	0.97814486	0.45790054	0.01294739	0.03354044	0.95351218
dealsWith	0.05367177	0.92703593	0.00000000	0.00000000	1.00000000
graduatedFrom	0.15930566	0.50229464	0.06810203	0.00243085	0.92946711
directed	0.07244524	0.34916515	0.05672922	0.00186180	0.94140898
hasChild	0.04117115	0.94468506	0.03589863	0.00049059	0.96361078
hasWonPrize	0.11979733	0.07390405	0.06331086	0.00081416	0.93587498
created	0.10475251	0.81124974	0.04284675	0.00420677	0.95294648
isLeaderOf	0.13129879	0.16467677	0.20994826	0.00399014	0.78606161
hasCapital	0.00371944	0.25103028	0.00000000	0.00010419	0.99989581
isKnownFor	0.00793351	0.52094276	0.00226145	0.00019408	0.99754447
playsFor	0.45994148	0.35691871	0.13781300	0.00299903	0.85918797
diedIn	0.11428301	0.55748900	0.06675769	0.00883223	0.92441008
