worksAt	0.06070801	0.29111649	0.01718805	0.00058344	0.98222851
actedIn	0.54856631	0.54707022	0.04716910	0.05422280	0.89860810
livesIn	0.17209822	0.10745021	0.06531457	0.00793380	0.92675162
isCitizenOf	0.17204698	0.21302687	0.04200755	0.04678591	0.91120653
isMarriedTo	0.06906822	0.91212637	0.02506471	0.00231108	0.97262421
isPoliticianOf	0.05163213	0.26730524	0.00791897	0.00000000	0.99208103
hasAcademicAdvisor	0.05813583	0.34424879	0.00147689	0.00410911	0.99441400
wasBornIn	0.47991011	0.33794032	0.21920301	0.07983346	0.70096352
participatedIn	0.02810680	0.63758431	0.00179306	0.00043324	0.99777370
holdsPoliticalPosition	0.04203774	0.78597727	0.00755024	0.00014742	0.99230234
influences	0.02704391	0.80585857	0.02726779	0.00662957	0.96610265
happenedIn	0.65312207	0.13850486	0.00000000	0.00000000	1.00000000
isLocatedIn	0.97820165	0.45767277	0.01297844	0.03366176	0.95335980
dealsWith	0.05225963	0.90256040	0.00000000	0.00000000	1.00000000
graduatedFrom	0.16346622	0.48603161	0.04156275	0.00252345	0.95591380
directed	0.07105538	0.29099665	0.01823352	0.00162719	0.98013929
hasChild	0.04534973	0.90282396	0.02310171	0.00051766	0.97638063
hasWonPrize	0.12110833	0.07300178	0.06183292	0.00063041	0.93753668
created	0.10723965	0.80319945	0.02653214	0.00419588	0.96927199
isLeaderOf	0.13969108	0.10591680	0.13175949	0.00415768	0.86408283
hasCapital	0.05881461	0.22395018	0.00000000	0.00007129	0.99992871
isKnownFor	0.00793964	0.51353535	0.00130195	0.00020305	0.99849501
playsFor	0.46229030	0.35656684	0.13564276	0.00297323	0.86138401
diedIn	0.10805629	0.49347457	0.03200214	0.00759093	0.96040693
