worksAt	0.04671737	0.39498005	0.15883613	0.00038197	0.84078189
actedIn	0.54153441	0.55440613	0.06830862	0.05281758	0.87887379
livesIn	0.14346794	0.20998227	0.36670579	0.00667073	0.62662348
isCitizenOf	0.17016894	0.24035334	0.14547278	0.04863291	0.80589431
isMarriedTo	0.06847363	0.91392046	0.03292368	0.00233312	0.96474319
isPoliticianOf	0.02449336	0.34192666	0.26412259	0.00000000	0.73587741
hasAcademicAdvisor	0.04538247	0.35802822	0.09833259	0.00350109	0.89816631
wasBornIn	0.48144860	0.36314085	0.21190674	0.08079813	0.70729512
participatedIn	0.02803320	0.63758431	0.00211467	0.00043256	0.99745277
holdsPoliticalPosition	0.03346597	0.80071295	0.05493144	0.00011532	0.94495324
influences	0.02414940	0.83187995	0.06784978	0.00604281	0.92610741
happenedIn	0.65312207	0.13850486	0.00000000	0.00000000	1.00000000
isLocatedIn	0.97783326	0.45863465	0.01273452	0.03301377	0.95425171
dealsWith	0.01356709	0.96003256	0.82605202	0.00000000	0.17394798
graduatedFrom	0.15350919	0.49163211	0.10174654	0.00234842	0.89590504
directed	0.04248437	0.37413634	0.12840986	0.00129046	0.87029968
hasChild	0.04644255	0.91489233	0.03859845	0.00055078	0.96085077
hasWonPrize	0.12026590	0.07387817	0.06489813	0.00082157	0.93428029
created	0.10463047	0.80747429	0.04857375	0.00417421	0.94725203
isLeaderOf	0.06040639	0.16264594	0.29964917	0.00261262	0.69773821
hasCapital	0.00375468	0.25568145	0.00000000	0.00010414	0.99989586
isKnownFor	0.00444923	0.68797980	0.13087940	0.00041056	0.86871004
playsFor	0.45739821	0.35619575	0.14380942	0.00291962	0.85327096
diedIn	0.10918070	0.52365172	0.06720138	0.00809276	0.92470587
